timestamp,X,Y,Z
1764068037583,-0.144599,0.32213,9.800869
1764068037593,-0.14894,0.320633,9.797576
1764068037603,-0.154479,0.323178,9.806557
1764068037613,-0.147294,0.321382,9.793983
1764068037623,-0.149389,0.316741,9.793834
1764068037633,-0.156425,0.316442,9.791588
1764068037643,-0.156874,0.315843,9.787098
1764068037653,-0.152682,0.312849,9.793834
1764068037663,-0.151784,0.313298,9.783056
1764068037673,-0.162562,0.314047,9.7859
1764068037683,-0.156425,0.311652,9.792786
1764068037693,-0.154179,0.309257,9.785451
1764068037703,-0.157323,0.304766,9.785152
1764068037713,-0.142354,0.306862,9.788894
1764068037723,-0.154479,0.30791,9.795331
1764068037733,-0.155676,0.314795,9.792337
1764068037743,-0.151186,0.32707,9.783655
1764068037753,-0.153431,0.33186,9.782607
1764068037763,-0.149988,0.314945,9.791888
1764068037773,-0.162113,0.30312,9.787547
1764068037783,-0.154179,0.302222,9.783804
1764068037793,-0.151335,0.289049,9.792486
1764068037803,-0.167053,0.300425,9.777068
1764068037813,-0.156874,0.302072,9.778416
1764068037823,-0.15388,0.316592,9.796827
1764068037833,-0.155227,0.328417,9.783954
1764068037843,-0.144001,0.330213,9.779913
1764068037853,-0.149988,0.324525,9.7859
1764068037863,-0.151036,0.309107,9.78575
1764068037873,-0.153132,0.295186,9.783655
1764068037883,-0.162712,0.295186,9.778565
1764068037893,-0.142953,0.295336,9.780511
1764068037903,-0.152682,0.305515,9.788894
1764068037913,-0.157473,0.314945,9.784104
1764068037923,-0.138911,0.31749,9.787696
1764068037933,-0.151784,0.317041,9.793834
1764068037943,-0.157473,0.316891,9.79099
1764068037953,-0.147443,0.311353,9.795031
1764068037963,-0.165406,0.317789,9.7859
1764068037973,-0.151335,0.321831,9.786798
1764068037983,-0.157922,0.313448,9.783804
1764068037993,-0.155676,0.306263,9.798773
1764068038003,-0.149988,0.309107,9.783954
1764068038013,-0.152982,0.307311,9.787846
1764068038023,-0.151335,0.316292,9.786499
1764068038033,-0.155976,0.311353,9.785451
1764068038043,-0.148192,0.316292,9.785601
1764068038053,-0.157173,0.304018,9.79578
1764068038063,-0.159718,0.310454,9.784703
1764068038073,-0.153431,0.310454,9.79054
1764068038083,-0.153431,0.301174,9.784703
1764068038093,-0.150437,0.304916,9.789792
1764068038103,-0.156724,0.295486,9.787846
1764068038113,-0.150886,0.303718,9.785301
1764068038123,-0.155676,0.305365,9.792786
1764068038133,-0.158221,0.315394,9.79548
1764068038143,-0.157173,0.314047,9.797576
1764068038153,-0.152233,0.317639,9.787547
1764068038163,-0.165556,0.313748,9.796977
1764068038173,-0.158371,0.309856,9.784852
1764068038183,-0.152682,0.292941,9.787696
1764068038193,-0.147144,0.296084,9.786649
1764068038203,-0.162861,0.302671,9.787696
1764068038213,-0.160017,0.310454,9.794133
1764068038223,-0.156574,0.315244,9.789193
1764068038233,-0.150886,0.314795,9.795181
1764068038244,-0.155976,0.315993,9.794732
1764068038254,-0.154778,0.309407,9.788145
1764068038264,-0.141007,0.305215,9.789193
1764068038274,-0.154928,0.313149,9.798773
1764068038284,-0.152533,0.315095,9.788894
1764068038294,-0.154329,0.312849,9.787996
1764068038304,-0.148791,0.300725,9.782757
1764068038314,-0.161814,0.305066,9.803414
1764068038324,-0.159868,0.303868,9.782008
1764068038334,-0.150287,0.29833,9.78096
1764068038344,-0.155377,0.31255,9.787247
1764068038354,-0.151485,0.315544,9.789193
1764068038364,-0.141905,0.312251,9.786499
1764068038374,-0.146246,0.30791,9.793684
1764068038384,-0.157622,0.308209,9.784703
1764068038394,-0.161664,0.316891,9.779314
1764068038404,-0.154179,0.328567,9.793834
1764068038414,-0.147892,0.327369,9.776021
1764068038424,-0.150287,0.328866,9.79054
1764068038434,-0.161814,0.320933,9.783355
1764068038444,-0.151784,0.311203,9.794432
1764068038454,-0.151635,0.290097,9.789343
1764068038464,-0.148042,0.293091,9.787247
1764068038474,-0.151485,0.2886,9.784703
1764068038484,-0.157772,0.307461,9.778565
1764068038494,-0.150737,0.311951,9.788894
1764068038504,-0.15373,0.315993,9.792636
1764068038514,-0.155976,0.340991,9.796378
1764068038524,-0.155227,0.32692,9.792486
1764068038534,-0.146994,0.315993,9.791588
1764068038544,-0.163011,0.30297,9.782457
1764068038554,-0.142953,0.293989,9.794582
1764068038564,-0.1443,0.291743,9.785601
1764068038574,-0.155377,0.302222,9.78096
1764068038584,-0.152832,0.321831,9.791888
1764068038594,-0.157473,0.332758,9.791289
1764068038604,-0.145947,0.32722,9.792187
1764068038614,-0.151186,0.323627,9.782308
1764068038624,-0.159568,0.320783,9.791289
1764068038634,-0.153581,0.301922,9.793534
1764068038644,-0.155527,0.301922,9.79084
1764068038654,-0.154329,0.301323,9.782757
1764068038664,-0.152084,0.303269,9.794133
1764068038674,-0.156425,0.313897,9.802965
1764068038684,-0.154628,0.320484,9.790391
1764068038694,-0.150886,0.320334,9.79563
1764068038704,-0.152982,0.309556,9.789193
1764068038714,-0.160915,0.303718,9.795331
1764068038724,-0.154628,0.318538,9.793085
1764068038734,-0.156724,0.316442,9.778266
1764068038744,-0.143402,0.310604,9.792786
1764068038754,-0.142504,0.318687,9.796977
1764068038764,-0.152982,0.306562,9.790391
1764068038774,-0.157323,0.311053,9.792486
1764068038784,-0.157922,0.292192,9.797426
1764068038794,-0.14894,0.296533,9.78575
1764068038804,-0.148192,0.310005,9.78605
1764068038814,-0.152383,0.317939,9.798923
1764068038824,-0.160766,0.330513,9.791888
1764068038834,-0.149389,0.331411,9.782158
1764068038844,-0.14924,0.31749,9.782308
1764068038854,-0.156874,0.303569,9.788445
1764068038864,-0.158071,0.3124,9.782906
1764068038874,-0.152383,0.305215,9.788145
1764068038884,-0.144899,0.306712,9.791439
1764068038894,-0.14909,0.3124,9.776021
1764068038904,-0.157323,0.315993,9.793684
1764068038914,-0.165855,0.316442,9.785002
1764068038924,-0.149838,0.308359,9.784403
1764068038934,-0.155227,0.308808,9.789044
1764068038945,-0.157772,0.306712,9.79099
1764068038955,-0.153281,0.313748,9.787098
1764068038965,-0.15403,0.319286,9.783954
1764068038975,-0.13936,0.324076,9.79069
1764068038985,-0.147443,0.318987,9.784852
1764068038995,-0.15882,0.318538,9.786349
1764068039005,-0.145797,0.31255,9.781409
1764068039015,-0.160017,0.314646,9.791289
1764068039025,-0.151485,0.313748,9.790091
1764068039035,-0.146845,0.307161,9.780062
1764068039045,-0.146246,0.308658,9.786499
1764068039055,-0.150437,0.310754,9.790391
1764068039065,-0.14924,0.319136,9.79054
1764068039075,-0.160616,0.321681,9.781409
1764068039085,-0.145198,0.311353,9.788445
1764068039095,-0.147743,0.307161,9.790391
1764068039105,-0.164807,0.305814,9.799821
1764068039115,-0.152233,0.306712,9.783655
1764068039125,-0.154778,0.298629,9.773775
1764068039135,-0.155676,0.305215,9.793983
1764068039145,-0.145048,0.309107,9.776769
1764068039155,-0.152233,0.314346,9.793983
1764068039165,-0.152233,0.323477,9.792037
1764068039175,-0.155227,0.330812,9.784852
1764068039185,-0.15882,0.311951,9.798175
1764068039195,-0.147144,0.309556,9.79054
1764068039205,-0.145348,0.306263,9.79548
1764068039215,-0.155676,0.312849,9.787996
1764068039225,-0.147593,0.312999,9.787397
1764068039235,-0.153581,0.314795,9.797276
1764068039245,-0.150287,0.321831,9.791738
1764068039255,-0.152233,0.320034,9.792337
1764068039265,-0.157622,0.323777,9.7859
1764068039275,-0.15388,0.303269,9.791289
1764068039285,-0.15388,0.302371,9.79054
1764068039295,-0.154479,0.296982,9.778565
1764068039305,-0.152233,0.299976,9.773775
1764068039315,-0.152233,0.304766,9.792337
1764068039325,-0.144599,0.321531,9.789343
1764068039335,-0.154778,0.32677,9.78126
1764068039345,-0.148491,0.334255,9.781409
1764068039355,-0.151036,0.32707,9.785301
1764068039365,-0.159568,0.313298,9.794432
1764068039375,-0.147593,0.298629,9.796079
1764068039385,-0.164508,0.295486,9.78575
1764068039395,-0.151784,0.300276,9.801767
1764068039405,-0.152832,0.29803,9.789642
1764068039415,-0.15373,0.316592,9.783355
1764068039425,-0.147743,0.327669,9.788744
1764068039435,-0.151635,0.320933,9.792636
1764068039445,-0.149988,0.318089,9.787098
1764068039455,-0.152233,0.31734,9.788145
1764068039465,-0.160466,0.304766,9.783655
1764068039475,-0.146096,0.301772,9.792187
1764068039485,-0.149988,0.313448,9.788295
1764068039495,-0.159868,0.320783,9.791738
1764068039505,-0.151335,0.329914,9.798175
1764068039515,-0.15852,0.331111,9.794582
1764068039525,-0.158969,0.322729,9.783056
1764068039535,-0.157323,0.316292,9.792486
1764068039545,-0.158071,0.300276,9.794732
1764068039555,-0.146396,0.301323,9.785451
1764068039565,-0.155527,0.301922,9.796678
1764068039575,-0.143252,0.30776,9.79548
1764068039585,-0.151186,0.31255,9.788295
1764068039595,-0.149389,0.328417,9.79099
1764068039605,-0.142953,0.32677,9.789343
1764068039615,-0.149838,0.311802,9.784254
1764068039625,-0.162562,0.30776,9.778865
1764068039635,-0.146695,0.303718,9.774075
1764068039646,-0.151934,0.301623,9.778715
1764068039656,-0.154778,0.310454,9.780811
1764068039666,-0.155377,0.312999,9.787247
1764068039676,-0.158969,0.312101,9.779164
1764068039686,-0.149988,0.321681,9.783056
1764068039696,-0.163759,0.316891,9.787397
1764068039706,-0.158071,0.312849,9.786798
1764068039716,-0.14894,0.301323,9.794133
1764068039726,-0.165256,0.307161,9.786349
1764068039736,-0.150138,0.302072,9.791738
1764068039746,-0.153132,0.311053,9.789343
1764068039756,-0.153431,0.314346,9.777817
1764068039766,-0.153431,0.316891,9.785451
1764068039776,-0.15373,0.310454,9.793534
1764068039786,-0.147892,0.311053,9.796378
1764068039796,-0.162113,0.311053,9.787547
1764068039806,-0.146695,0.310454,9.786798
1764068039816,-0.150437,0.309407,9.78111
1764068039826,-0.154479,0.310454,9.787996
1764068039836,-0.152533,0.309856,9.790391
1764068039846,-0.154179,0.314646,9.786499
1764068039856,-0.146096,0.311802,9.794283
1764068039866,-0.153281,0.310604,9.786199
1764068039876,-0.156574,0.309856,9.79084
1764068039886,-0.161664,0.30761,9.779014
1764068039896,-0.150737,0.309706,9.783505
1764068039906,-0.151635,0.309107,9.793684
1764068039916,-0.145947,0.321681,9.791439
1764068039926,-0.148641,0.320484,9.798175
1764068039936,-0.160915,0.319136,9.792935
1764068039946,-0.150886,0.323777,9.787996
1764068039956,-0.157473,0.315544,9.782308
1764068039966,-0.141306,0.310754,9.794283
1764068039976,-0.160167,0.310305,9.786948
1764068039986,-0.159119,0.314496,9.789642
1764068039996,-0.14924,0.313448,9.791738
1764068040006,-0.159119,0.305664,9.783954
1764068040016,-0.147743,0.316891,9.794881
1764068040026,-0.14445,0.317789,9.784703
1764068040036,-0.146096,0.314945,9.801617
1764068040046,-0.15867,0.30791,9.781709
1764068040056,-0.149988,0.318987,9.788595
1764068040066,-0.151335,0.316891,9.786798
1764068040076,-0.155377,0.321681,9.782457
1764068040086,-0.151186,0.319286,9.784703
1764068040096,-0.15867,0.311802,9.785002
1764068040106,-0.148491,0.313748,9.790091
1764068040116,-0.160915,0.313748,9.792037
1764068040126,-0.145797,0.318687,9.792786
1764068040136,-0.159269,0.316891,9.792486
1764068040146,-0.157772,0.303868,9.793085
1764068040156,-0.152533,0.310903,9.787547
1764068040166,-0.159718,0.303419,9.775422
1764068040176,-0.143851,0.308808,9.787397
1764068040186,-0.150587,0.311203,9.780811
1764068040196,-0.150737,0.309706,9.796378
1764068040206,-0.151186,0.303868,9.791289
1764068040216,-0.159418,0.301174,9.786499
1764068040226,-0.147144,0.304317,9.795929
1764068040236,-0.152233,0.310604,9.790241
1764068040246,-0.148791,0.310903,9.794133
1764068040256,-0.156275,0.314197,9.788295
1764068040266,-0.154179,0.319136,9.793684
1764068040276,-0.150886,0.316442,9.783056
1764068040286,-0.1443,0.311802,9.795929
1764068040296,-0.160466,0.30776,9.782158
1764068040306,-0.145348,0.311652,9.794283
1764068040316,-0.149689,0.317041,9.791139
1764068040326,-0.157173,0.308808,9.787696
1764068040336,-0.150886,0.309706,9.795031
1764068040347,-0.158969,0.306263,9.786798
1764068040357,-0.147593,0.318987,9.800121
1764068040367,-0.152682,0.318837,9.793834
1764068040377,-0.14894,0.32722,9.790091
1764068040387,-0.157023,0.315244,9.790241
1764068040397,-0.159568,0.308209,9.783655
1764068040407,-0.147743,0.30761,9.796229
1764068040417,-0.151934,0.305964,9.781559
1764068040427,-0.163011,0.321831,9.794881
1764068040437,-0.150886,0.317939,9.788595
1764068040447,-0.148342,0.315843,9.782008
1764068040457,-0.156724,0.303269,9.791588
1764068040467,-0.154928,0.309107,9.789044
1764068040477,-0.160915,0.309706,9.793085
1764068040487,-0.153281,0.314496,9.787397
1764068040497,-0.154179,0.314047,9.797726
1764068040507,-0.149689,0.310305,9.791289
1764068040517,-0.152383,0.303419,9.787696
1764068040527,-0.150886,0.309407,9.794283
1764068040537,-0.148342,0.320334,9.786948
1764068040547,-0.148342,0.304617,9.794732
1764068040557,-0.167352,0.304467,9.782757
1764068040567,-0.146994,0.302521,9.793834
1764068040577,-0.159119,0.306413,9.774374
1764068040587,-0.153431,0.314945,9.780362
1764068040597,-0.147144,0.306113,9.792486
1764068040607,-0.152084,0.303868,9.79548
1764068040617,-0.151335,0.313298,9.787098
1764068040627,-0.155527,0.313598,9.785451
1764068040637,-0.154778,0.32198,9.787846
1764068040647,-0.149988,0.312101,9.794432
1764068040657,-0.153581,0.318538,9.796229
1764068040667,-0.155227,0.324525,9.793235
1764068040677,-0.145947,0.328567,9.807006
1764068040687,-0.154628,0.327968,9.793085
1764068040697,-0.149838,0.320633,9.786499
1764068040707,-0.151485,0.298779,9.77647
1764068040717,-0.152832,0.291893,9.777068
1764068040727,-0.153281,0.287851,9.791439
1764068040737,-0.159418,0.280517,9.778715
1764068040747,-0.151934,0.301473,9.791888
1764068040757,-0.160167,0.313298,9.792636
1764068040767,-0.155676,0.333207,9.789193
1764068040777,-0.143402,0.336949,9.785002
1764068040787,-0.156425,0.325274,9.796229
1764068040797,-0.164059,0.310604,9.796079
1764068040807,-0.152233,0.288899,9.792187
1764068040817,-0.155377,0.282612,9.780661
1764068040827,-0.152383,0.283361,9.785152
1764068040837,-0.161514,0.295336,9.7859
1764068040847,-0.156125,0.320034,9.79084
1764068040857,-0.156724,0.329165,9.789642
1764068040867,-0.159119,0.327369,9.786948
1764068040877,-0.152832,0.314346,9.787247
1764068040887,-0.15373,0.300425,9.794732
1764068040897,-0.156874,0.28845,9.790391
1764068040907,-0.155826,0.296833,9.795929
1764068040917,-0.152533,0.307311,9.784403
1764068040927,-0.160915,0.314945,9.781559
1764068040937,-0.150737,0.319136,9.780811
1764068040947,-0.155676,0.315843,9.792187
1764068040957,-0.166005,0.304167,9.780811
1764068040967,-0.151036,0.29339,9.782757
1764068040977,-0.168849,0.297581,9.78096
1764068040987,-0.138911,0.307161,9.786199
1764068040997,-0.157922,0.314047,9.787547
1764068041007,-0.150287,0.321082,9.785002
1764068041017,-0.14445,0.326022,9.797127
1764068041027,-0.164658,0.309556,9.786349
1764068041037,-0.141156,0.309107,9.787098
1764068041048,-0.167951,0.290845,9.786948
1764068041058,-0.146246,0.290396,9.799073
1764068041068,-0.151784,0.300126,9.780362
1764068041078,-0.155078,0.306862,9.787696
1764068041088,-0.139211,0.318987,9.797426
1764068041098,-0.169148,0.320334,9.801318
1764068041108,-0.143402,0.327519,9.779763
1764068041118,-0.155976,0.317789,9.786349
1764068041128,-0.15373,0.30761,9.782906
1764068041138,-0.150287,0.298479,9.79069
1764068041148,-0.166304,0.298928,9.788295
1764068041158,-0.155676,0.306113,9.783355
1764068041168,-0.152084,0.31255,9.791139
1764068041178,-0.156275,0.316891,9.797426
1764068041188,-0.159568,0.318238,9.794133
1764068041198,-0.152533,0.311502,9.789044
1764068041208,-0.155078,0.303718,9.791139
1764068041218,-0.156275,0.309107,9.791888
1764068041228,-0.159568,0.305066,9.787397
1764068041238,-0.149539,0.306113,9.781709
1764068041248,-0.152832,0.304766,9.786349
1764068041258,-0.157323,0.313748,9.792337
1764068041268,-0.154778,0.318388,9.787397
1764068041278,-0.151335,0.314197,9.785451
1764068041288,-0.155826,0.314197,9.787247
1764068041298,-0.157023,0.298629,9.784703
1764068041308,-0.158371,0.304018,9.778416
1764068041318,-0.155826,0.307012,9.788145
1764068041328,-0.15373,0.314047,9.784852
1764068041338,-0.160017,0.31719,9.786499
1764068041348,-0.147443,0.312251,9.791738
1764068041358,-0.158071,0.308508,9.788595
1764068041368,-0.159119,0.300874,9.792486
1764068041378,-0.159418,0.305365,9.79054
1764068041388,-0.153281,0.299827,9.786948
1764068041398,-0.141007,0.315394,9.79069
1764068041408,-0.153132,0.30312,9.787247
1764068041418,-0.150587,0.305365,9.786649
1764068041428,-0.153281,0.315244,9.781559
1764068041438,-0.151335,0.31719,9.787547
1764068041448,-0.160616,0.315544,9.782308
1764068041458,-0.163909,0.30791,9.787547
1764068041468,-0.160466,0.309706,9.79563
1764068041478,-0.151485,0.305664,9.797276
1764068041488,-0.15403,0.306862,9.802366
1764068041498,-0.157922,0.323328,9.793385
1764068041508,-0.147892,0.311502,9.785301
1764068041518,-0.15882,0.313897,9.793684
1764068041528,-0.155826,0.3124,9.787696
1764068041538,-0.153132,0.311203,9.790391
1764068041548,-0.156125,0.299527,9.79099
1764068041558,-0.147593,0.308508,9.785002
1764068041568,-0.158969,0.30776,9.786649
1764068041578,-0.148342,0.318987,9.788295
1764068041588,-0.152533,0.31734,9.787547
1764068041598,-0.155227,0.314646,9.795331
1764068041608,-0.149988,0.315244,9.789343
1764068041618,-0.153281,0.304916,9.793834
1764068041628,-0.157323,0.30297,9.789792
1764068041638,-0.161364,0.307461,9.786199
1764068041648,-0.158071,0.303569,9.790241
1764068041658,-0.153431,0.305814,9.777368
1764068041668,-0.163161,0.309856,9.787996
1764068041678,-0.163161,0.312849,9.802216
1764068041688,-0.154179,0.312101,9.79578
1764068041698,-0.146695,0.322579,9.788595
1764068041708,-0.141456,0.309706,9.79099
1764068041718,-0.174088,0.316891,9.994566
1764068041728,-0.106728,0.300425,9.574839
1764068041738,-0.138612,0.301473,9.780212
1764068041749,-0.151485,0.291743,9.802216
1764068041759,-0.138163,0.297132,9.787247
1764068041769,-0.137564,0.299827,9.79099
1764068041779,-0.152233,0.302222,9.810449
1764068041789,-0.131576,0.302072,9.79548
1764068041799,-0.08173,0.271535,9.860894
1764068041809,-0.164508,0.320334,9.740844
1764068041819,-0.160616,-0.015867,9.818832
1764068041829,-0.099244,-0.770598,9.821227
1764068041839,-0.117655,-0.887355,9.760004
1764068041849,-0.117805,-0.747845,9.750873
1764068041859,-0.147443,-0.62974,9.745185
1764068041869,-0.094903,-0.57226,9.732162
1764068041879,0.17304,-0.151335,9.818981
1764068041889,-0.071851,0.388143,9.853859
1764068041899,-0.480351,0.785716,9.789493
1764068041909,-0.468077,0.972977,9.783804
1764068041919,-0.136516,0.590821,9.809252
1764068041929,-0.004341,0.187111,9.840087
1764068041939,-0.046703,0.072898,9.765992
1764068041949,-0.07215,0.13457,9.773177
1764068041959,-0.097447,0.122445,9.772728
1764068041969,-0.073347,0.028441,9.794283
1764068041979,-0.101339,-0.167053,9.776769
1764068041989,-0.21181,-0.402663,9.713451
1764068041999,-0.25477,-0.254171,9.686357
1764068042009,-0.180225,0.24025,9.90116
1764068042019,-0.02425,0.316292,9.854158
1764068042029,-0.023052,0.049697,9.78126
1764068042039,-0.127684,-0.167651,9.790241
1764068042049,-0.144001,-0.030686,9.804012
1764068042059,-0.160766,-0.181872,9.836196
1764068042069,-0.20208,-0.214953,9.669891
1764068042079,-0.202529,-0.100441,9.888587
1764068042089,-0.186362,0.089065,9.789343
1764068042099,-0.183518,0.052241,9.794133
1764068042109,-0.16346,-0.024399,9.777368
1764068042119,-0.210911,-0.117805,9.826765
1764068042129,-0.133522,-0.048799,9.611662
1764068042139,0.080982,0.020507,9.754166
1764068042149,-0.04326,0.549507,9.962084
1764068042159,-0.150287,0.297881,9.703571
1764068042169,-0.148491,-0.006137,9.878857
1764068042179,-0.121547,0.124691,9.859996
1764068042189,-0.090861,0.330064,9.607471
1764068042199,-0.087718,0.361498,9.965826
1764068042209,-0.194446,0.216001,9.703721
1764068042219,-0.031584,0.056732,9.771979
1764068042229,-0.030986,0.189207,9.783355
1764068042239,-0.088765,0.039817,9.841135
1764068042249,-0.119302,0.015867,9.760603
1764068042259,-0.129481,0.038769,9.876761
1764068042269,-0.149389,0.023651,9.726623
1764068042279,-0.234113,-0.206421,9.761351
1764068042289,-0.25477,0.064815,9.781559
1764068042299,-0.153581,0.323926,9.845027
1764068042309,-0.041015,0.417482,9.822424
1764068042319,0.002994,0.202529,9.664652
1764068042329,0.028441,0.233664,9.877659
1764068042339,-0.005838,0.363444,9.739497
1764068042349,-0.034877,0.299078,9.827214
1764068042359,-0.114662,0.219444,9.831705
1764068042369,-0.114811,0.106279,9.855954
1764068042379,-0.214205,0.092208,9.716894
1764068042389,-0.179477,0.144749,9.769734
1764068042399,-0.212259,0.164658,9.749675
1764068042409,-0.32677,-0.002994,9.728719
1764068042419,-0.23097,0.295935,9.83395
1764068042429,-0.108524,0.369282,9.81494
1764068042439,-0.137265,0.137115,9.772728
1764068042449,-0.156724,0.008532,9.815838
1764068042460,-0.191751,0.09116,9.778266
1764068042470,-0.136965,0.4329,9.846075
1764068042480,-0.083526,0.349823,9.779613
1764068042490,-0.11541,0.179177,9.73785
1764068042500,-0.120948,0.145647,9.873169
1764068042510,-0.180824,0.214055,9.811946
1764068042520,-0.167053,0.219144,9.771081
1764068042530,-0.17783,0.140109,9.886641
1764068042540,-0.252675,0.207918,9.726174
1764068042550,-0.295336,0.159119,9.649683
1764068042560,-0.233814,0.215402,9.791588
1764068042570,-0.14415,0.533491,9.886192
1764068042580,-0.061073,0.619113,9.724079
1764068042590,-0.033081,0.431553,9.901909
1764068042600,-0.108973,0.394579,9.652977
1764068042610,-0.182471,0.411345,9.882
1764068042620,-0.288899,0.086819,9.776919
1764068042630,-0.282762,0.00479,9.754915
1764068042640,-0.242645,0.058828,9.96867
1764068042650,-0.208067,0.297881,9.804012
1764068042660,0.723895,1.214724,9.975556
1764068042670,-0.488135,0.915796,10.356214
1764068042680,-0.607137,0.787363,10.109976
1764068042690,0.946033,0.038769,7.486981
1764068042700,-0.110171,0.176633,9.409134
1764068042710,-0.320184,0.603545,10.74765
1764068042720,-0.226928,0.896935,10.655292
1764068042730,-0.076641,0.760419,9.514964
1764068042740,-0.050146,0.371378,9.728569
1764068042750,-0.164658,0.51463,9.743538
1764068042760,-0.10598,0.477058,9.915381
1764068042770,-0.012873,0.856369,9.847272
1764068042780,-0.145048,0.66851,9.846823
1764068042790,-0.169448,0.474663,9.860445
1764068042800,-0.088466,0.488734,9.862541
1764068042810,0.034279,0.424966,9.624685
1764068042820,0.035177,0.276774,9.547596
1764068042830,-0.045206,0.623304,9.893526
1764068042840,-0.079335,0.529299,9.892179
1764068042850,-0.037871,0.325573,9.697584
1764068042860,-0.062271,0.224533,9.762848
1764068042870,-0.035626,0.246986,9.794432
1764068042880,0.046853,0.241747,9.746083
1764068042890,-0.04805,0.0479,9.764046
1764068042900,-0.022902,0.107626,9.7618
1764068042910,-0.098345,0.246986,9.855206
1764068042920,-0.010329,0.020208,9.769584
1764068042930,-0.035626,0.123493,9.785451
1764068042940,-0.094154,0.240999,9.851613
1764068042950,-0.025148,0.092208,9.738748
1764068042960,-0.040266,0.277523,9.774823
1764068042970,0.006287,0.446971,9.862241
1764068042980,-0.013921,0.292192,9.760603
1764068042990,-0.073048,0.248932,9.763297
1764068043000,-0.091011,0.214953,9.745933
1764068043010,-0.059426,0.317789,9.767937
1764068043020,-0.022453,0.400268,9.827813
1764068043030,0.006437,0.329465,9.747729
1764068043040,-0.00494,0.320484,9.804911
1764068043050,-0.050445,0.095352,9.758208
1764068043060,0.021405,0.072599,9.763746
1764068043070,-0.022154,0.043859,9.796079
1764068043080,-0.060774,0.068557,9.804911
1764068043090,-0.089214,0.123194,9.827963
1764068043100,-0.115859,0.092657,9.717642
1764068043110,-0.107926,0.005389,9.62708
1764068043120,-0.104932,0.00958,9.533824
1764068043130,-0.207768,0.294288,9.744287
1764068043140,-0.252675,0.390089,9.819879
1764068043150,-0.32213,0.63019,9.961036
1764068043161,-0.252225,0.816851,10.04576
1764068043171,-0.343087,0.997675,9.782457
1764068043181,-0.748743,0.608335,9.489067
1764068043191,-0.506846,0.985251,10.077943
1764068043201,-0.621059,1.334026,9.374705
1764068043211,-0.125888,1.043779,10.048304
1764068043221,0.298479,1.012495,10.099947
1764068043231,-0.013472,1.039289,9.823322
1764068043241,-0.303868,0.733026,9.623937
1764068043251,-0.618663,0.261357,9.5696
1764068043261,-0.502954,0.410746,9.909543
1764068043271,-0.109123,0.609682,9.851613
1764068043281,0.136516,0.368085,9.843979
1764068043291,-0.001796,0.1202,9.71405
1764068043301,-0.371228,0.19729,9.783804
1764068043311,-0.518222,0.188308,9.860146
1764068043321,-0.546064,-0.036674,9.787996
1764068043331,-0.57211,-0.183668,9.701625
1764068043341,-0.366438,0.159568,9.796229
1764068043351,-0.172142,0.483195,9.813593
1764068043361,-0.152233,0.439336,9.742191
1764068043371,-0.230221,0.667911,9.803713
1764068043381,-0.191751,0.746198,9.817784
1764068043391,-0.120499,0.75503,9.837692
1764068043401,-0.127684,0.66342,9.743987
1764068043411,-0.067659,0.676294,9.764794
1764068043421,-0.037722,0.704884,9.762848
1764068043431,-0.114811,0.560285,9.816437
1764068043441,-0.219144,0.436492,9.775123
1764068043451,-0.361049,0.251178,9.75701
1764068043461,-0.599054,0.083227,9.748927
1764068043471,-0.891696,-0.022304,9.805509
1764068043481,-0.843945,-0.200284,9.852661
1764068043491,-0.898432,-0.427062,9.74249
1764068043501,-0.768652,-0.227976,9.770632
1764068043511,-0.199236,0.3368,9.828412
1764068043521,-0.043559,0.621508,9.85311
1764068043531,0.070803,0.773591,9.794881
1764068043541,0.133672,0.756078,9.762249
1764068043551,-0.047002,0.763562,9.866582
1764068043561,-0.462089,0.898432,9.939331
1764068043571,-0.665965,0.632884,9.758058
1764068043581,-0.589923,0.253423,9.576635
1764068043591,-0.351319,0.000299,9.643097
1764068043601,-0.404758,0.103435,9.765393
1764068043611,-0.417632,0.488584,9.84383
1764068043621,-0.25477,0.808169,9.803114
1764068043631,-0.158221,1.19242,9.834699
1764068043641,0.018711,1.278042,9.826017
1764068043651,-0.03847,0.967588,9.732312
1764068043661,-0.002844,0.843646,9.84353
1764068043671,0.268542,0.672252,9.830058
1764068043681,0.149389,0.539927,9.743688
1764068043691,-0.17334,0.424966,9.773775
1764068043701,0.311053,0.212109,9.651031
1764068043711,0.75997,-0.01901,10.204729
1764068043721,-0.086071,0.072,11.124267
1764068043731,-1.044229,-0.007335,10.775343
1764068043741,-0.883313,-1.266816,6.528524
1764068043751,-0.251028,-0.001647,10.380913
1764068043761,-0.379012,0.046553,9.865235
1764068043771,-0.166454,0.102686,9.809252
1764068043781,-0.011077,0.203427,9.710607
1764068043791,0.263901,0.403411,9.874216
1764068043801,0.319885,0.443977,9.741293
1764068043811,0.242645,0.404309,9.852961
1764068043821,0.224832,0.33665,9.67558
1764068043831,0.147593,0.444875,9.814491
1764068043841,0.011227,0.373773,9.784104
1764068043851,-0.037572,0.292342,9.794432
1764068043862,-0.105081,0.207918,9.842333
1764068043872,-0.164807,0.071252,9.750125
1764068043882,-0.084424,0.127385,9.808802
1764068043892,-0.122146,0.147294,9.78111
1764068043902,-0.084724,0.310305,9.807006
1764068043912,-0.04341,0.436043,9.778565
1764068043922,-0.07679,0.510289,9.771979
1764068043932,0.044158,0.627944,9.78126
1764068043942,-0.032932,0.578697,9.751172
1764068043952,-0.068557,0.518073,9.802665
1764068043962,0.019909,0.554597,9.77138
1764068043972,0.100591,0.499511,9.761501
1764068043982,0.024699,0.527503,9.733808
1764068043992,-0.059277,0.294138,9.71375
1764068044002,-0.158221,0.243693,9.749077
1764068044012,-0.198936,0.371527,9.66076
1764068044022,-0.161963,0.46149,9.669143
1764068044032,-0.026495,0.531545,9.732012
1764068044042,0.019909,0.606389,9.685459
1764068044052,0.099094,0.65863,9.697883
1764068044062,0.038769,0.66836,9.80042
1764068044072,0.01946,0.739462,10.297836
1764068044082,0.039218,0.530197,10.070907
1764068044092,-0.154479,0.272284,9.440868
1764068044102,-0.388891,0.169298,9.908645
1764068044112,-0.294438,-0.121697,9.856254
1764068044122,-0.552202,-0.176034,9.951755
1764068044132,-1.124761,0.232766,9.847422
1764068044142,-0.612975,-0.511786,9.782008
1764068044152,-0.837508,-0.451012,9.807904
1764068044162,-0.944087,-0.361947,9.838141
1764068044172,-0.8417,-0.244591,9.850416
1764068044182,-0.497565,-0.082029,9.826017
1764068044192,-0.089813,0.123793,9.815538
1764068044202,0.732577,0.601898,9.596095
1764068044212,0.930166,0.933609,9.753118
1764068044222,0.10104,0.635429,9.796678
1764068044232,-0.312849,0.301024,9.79054
1764068044242,-0.565075,0.11541,9.802066
1764068044252,-0.700543,-0.022304,9.799073
1764068044262,-0.63453,-0.015867,9.774973
1764068044272,-0.544118,-0.050445,9.718391
1764068044282,-0.445324,-0.047002,9.788744
1764068044292,-0.30761,0.073946,9.758357
1764068044302,-0.132924,0.279768,9.692794
1764068044312,-0.135319,0.322579,9.734108
1764068044322,-0.21136,0.246238,9.811347
1764068044332,-0.206271,0.187111,9.811796
1764068044342,-0.323178,0.075293,9.858349
1764068044352,-0.436642,-0.119003,9.808952
1764068044362,-0.456551,-0.166753,9.824969
1764068044372,-0.472118,-0.392783,9.811497
1764068044382,-0.564326,-0.647703,9.792337
1764068044392,-0.646955,-0.520617,9.812245
1764068044402,-0.67809,-0.2886,9.812694
1764068044412,-0.733624,-0.390388,9.786349
1764068044422,-0.673599,-0.233664,9.79099
1764068044432,-0.656235,-0.113913,9.762249
1764068044442,-0.471819,0.189506,9.764345
1764068044452,-0.192799,0.690215,9.78096
1764068044462,0.050894,1.055605,9.77617
1764068044472,0.154179,1.157393,9.799971
1764068044482,0.142055,1.112187,9.774224
1764068044492,0.020507,0.824485,9.782457
1764068044502,-0.152682,0.572559,9.771231
1764068044512,-0.176932,0.444576,9.781859
1764068044522,-0.380958,0.137414,9.786798
1764068044532,-0.484692,-0.04311,9.771979
1764068044542,-0.628094,-0.332459,9.826166
1764068044552,-0.794548,-0.625699,9.806108
1764068044563,-0.686173,-0.491428,9.784403
1764068044573,-0.494572,-0.213456,9.756561
1764068044583,-0.274978,-0.078886,9.759106
1764068044593,-0.056732,0.06257,9.798923
1764068044603,-0.067809,0.080982,9.84383
1764068044613,-0.119601,0.318837,9.77153
1764068044623,-0.150437,0.693208,9.774973
1764068044633,-0.299827,0.839903,9.886042
1764068044643,-0.263602,0.776435,9.757908
1764068044653,-0.286804,0.482147,9.72812
1764068044663,-0.407004,0.159119,9.803114
1764068044673,-0.452808,-0.04805,9.797127
1764068044683,-0.43275,-0.080832,9.79054
1764068044693,-0.40865,-0.143252,9.799971
1764068044703,-0.395777,-0.180674,9.780811
1764068044713,-0.405507,-0.169298,9.788145
1764068044723,-0.387843,-0.209265,9.785451
1764068044733,-0.338746,-0.077239,9.755663
1764068044743,-0.247136,0.035177,9.797426
1764068044753,-0.152982,0.020956,9.759106
1764068044763,-0.175735,0.046104,9.809252
1764068044773,-0.236658,-0.008832,9.782457
1764068044783,-0.207319,-0.010029,9.802815
1764068044793,-0.265847,-0.104932,9.778416
1764068044803,0.710273,0.325723,9.773177
1764068044813,1.111289,1.651965,9.594897
1764068044823,-0.677341,0.106279,10.110276
1764068044833,-0.033979,-0.124092,9.52619
1764068044843,-0.459844,-0.200433,9.932296
1764068044853,-0.20672,-0.140857,9.727671
1764068044863,-0.290246,0.246537,9.765542
1764068044873,-0.304018,0.446971,9.79054
1764068044883,-0.321531,0.276026,9.826466
1764068044893,-0.345033,-0.12514,9.778565
1764068044903,-0.314496,-0.513283,9.818981
1764068044913,-0.404459,-0.963995,9.873917
1764068044923,-0.373922,-1.270408,9.866882
1764068044933,-0.331111,-1.273851,9.849817
1764068044943,-0.300276,-1.150358,9.745035
1764068044953,-0.268841,-0.918041,9.825717
1764068044963,-0.30776,-0.567919,9.765243
1764068044973,-0.294737,-0.768801,9.817035
1764068044983,-0.25986,-0.895737,9.732761
1764068044993,-0.322579,-0.926423,9.878108
1764068045003,-0.303419,-0.86101,9.745334
1764068045013,-0.297431,-0.740061,9.82437
1764068045023,-0.285307,-0.752336,9.763896
1764068045033,-0.302371,-0.961301,9.794133
1764068045043,-0.311652,-1.197809,9.90146
1764068045053,0.054636,-0.867746,9.727971
1764068045063,-0.783471,-0.6013,9.979747
1764068045073,-0.174986,-0.678838,9.715247
1764068045083,-0.298779,-0.571362,9.80985
1764068045093,-0.311951,-0.507894,9.800869
1764068045103,-0.310754,-0.618963,9.824071
1764068045113,-0.308808,-0.497715,9.811048
1764068045123,-0.337398,0.11556,9.667945
1764068045133,-0.313748,1.554068,9.751621
1764068045143,-0.283361,2.956652,9.863888
1764068045153,-0.22124,2.2603,9.714948
1764068045163,-0.247585,1.451382,9.75716
1764068045173,-0.286355,0.352218,9.82901
1764068045183,-0.266745,-0.63977,9.78111
1764068045193,-0.275278,-1.241818,9.767339
1764068045203,-0.285456,-1.325643,9.827065
1764068045213,-0.247885,-0.9375,9.768686
1764068045223,-0.28845,-0.926573,9.87736
1764068045233,-0.257614,-1.087938,9.878108
1764068045243,-0.315993,-1.096021,9.841435
1764068045253,-0.265847,-0.83661,9.795181
1764068045264,-0.303868,-0.509241,9.746083
1764068045274,-0.239801,-0.180076,9.780811
1764068045284,-0.257764,-0.231868,9.85341
1764068045294,-0.276325,-0.322579,9.796678
1764068045304,-0.224683,-0.514181,9.800121
1764068045314,-0.218845,-0.30282,9.692195
1764068045324,-0.2163,-0.089364,9.882449
1764068045334,-0.249232,-0.051343,9.845476
1764068045344,-0.231868,-0.217348,9.717941
1764068045354,-0.257165,-0.267643,9.690249
1764068045364,-0.257165,0.137564,9.679322
1764068045374,-0.218546,0.555495,9.827663
1764068045384,-0.198637,0.449216,9.826466
1764068045394,-0.185015,-0.026645,9.796977
1764068045404,-0.281415,-0.280517,9.535172
1764068045414,-0.256117,-0.008981,9.876911
1764068045424,-0.143851,-0.058079,9.851464
1764068045434,-0.242645,-0.171693,9.994117
1764068045444,-0.287552,-0.483644,9.615554
1764068045454,-0.282612,-0.461041,9.716894
1764068045464,-0.18741,0.104333,9.814191
1764068045474,-0.231718,0.470472,9.846823
1764068045484,-0.244891,0.380658,9.819879
1764068045494,-0.236658,0.051044,9.77632
1764068045504,-0.254321,0.011526,9.759854
1764068045514,-0.279619,0.392634,9.740694
1764068045524,-0.235909,0.742606,9.908495
1764068045534,-0.191751,1.019979,9.810599
1764068045544,-0.258363,0.711021,9.64175
1764068045554,-0.281714,0.507295,9.772578
1764068045564,-0.276325,0.565075,9.75207
1764068045574,-0.184117,0.465233,9.823472
1764068045584,-0.250878,0.531994,9.787846
1764068045594,-0.289049,0.215851,9.800869
1764068045604,-0.256566,0.289648,9.757908
1764068045614,-0.238304,0.636926,9.71869
1764068045624,-0.227227,0.864901,9.891281
1764068045634,-0.267194,1.073568,9.716894
1764068045644,-0.259111,1.101859,9.951606
1764068045654,-0.206271,0.991987,9.83904
1764068045664,-0.282912,0.761467,9.733958
1764068045674,-0.316741,0.326321,9.72348
1764068045684,-0.275577,0.131127,9.776021
1764068045694,-0.233365,0.114362,9.840986
1764068045704,-0.28875,0.026196,9.732012
1764068045714,-0.300725,0.176184,9.78111
1764068045724,-0.301473,0.307311,9.777667
1764068045734,-0.261806,0.565973,9.708661
1764068045744,-0.317041,0.817899,9.837393
1764068045754,-0.27872,1.256637,9.843979
1764068045764,-0.232766,1.390309,9.818981
1764068045774,-0.221539,1.465752,9.80057
1764068045784,-0.276625,1.367107,9.783954
1764068045794,-0.33201,1.22161,9.883946
1764068045804,-0.275278,1.131347,9.812096
1764068045814,-0.305215,0.86071,9.795181
1764068045824,-0.253423,0.765957,9.739048
1764068045834,-0.277224,0.52406,9.629924
1764068045844,-0.356109,0.385149,9.677675
1764068045854,-0.371228,0.911455,9.722133
1764068045864,-0.222587,1.325793,9.730515
1764068045874,-0.299228,1.496139,9.948761
1764068045884,-0.227078,1.743574,10.018067
1764068045894,-0.21151,1.656755,9.878557
1764068045904,-0.094154,1.610052,9.7136
1764068045914,-0.185764,0.966091,9.727821
1764068045924,-0.256117,0.17289,9.715995
1764068045934,-0.29833,-0.098345,9.754465
1764068045944,-0.262255,-0.346978,9.859846
1764068045954,-0.233814,-0.668809,9.743688
1764068045965,-0.32198,-0.415536,9.777068
1764068045975,-0.335303,0.03353,9.734707
1764068045985,-0.27393,0.521965,9.68037
1764068045995,-0.205672,0.94738,9.856254
1764068046005,-0.129481,1.340013,9.818682
1764068046015,-0.116458,1.381627,9.775422
1764068046025,-0.277074,0.784818,9.820927
1764068046035,-0.277523,0.352367,9.858948
1764068046045,-0.294737,-0.103734,9.736203
1764068046055,-0.321681,-0.398172,9.738748
1764068046065,-0.290097,-0.395178,9.756711
1764068046075,-0.270038,-0.412542,9.821376
1764068046085,-0.238754,-0.376916,9.851015
1764068046095,-0.247735,-0.084275,9.812844
1764068046105,-0.248932,0.262404,9.824071
1764068046115,-0.261656,0.500709,9.766291
1764068046125,-0.273332,0.81281,9.729318
1764068046135,-0.276475,0.944985,9.736503
1764068046145,-0.539029,0.844993,9.859697
1764068046155,-0.519869,0.511187,9.927805
1764068046165,-0.402513,0.098196,9.791139
1764068046175,-0.372426,-0.087568,9.81
1764068046185,-0.405357,-0.218246,9.832453
1764068046195,-0.304766,-0.202978,9.627979
1764068046205,0.003143,0.00494,9.625583
1764068046215,-0.112865,0.145797,9.98813
1764068046225,-0.210911,0.209115,9.659713
1764068046235,-0.369282,0.313298,9.762399
1764068046245,-0.308508,0.200583,9.81015
1764068046255,-0.304916,0.054786,9.884246
1764068046265,-0.236059,0.040865,9.799522
1764068046275,-0.191302,-0.021705,9.766141
1764068046285,-0.250579,0.083975,9.840986
1764068046295,-0.220192,0.222887,9.79084
1764068046305,-0.237855,0.233963,9.730216
1764068046315,-0.34159,0.04311,9.840836
1764068046325,-0.42302,-0.135917,9.754166
1764068046335,-0.420176,-0.023052,9.745784
1764068046345,-0.272134,0.287402,9.7859
1764068046355,-0.217198,0.401016,9.67049
1764068046365,-0.294737,0.604144,9.756262
1764068046375,-0.390987,0.385748,9.807605
1764068046385,-0.348924,-0.552052,9.461824
1764068046395,-0.579295,-0.635129,10.033785
1764068046405,-0.407752,-0.299078,10.313852
1764068046415,-0.192051,0.335003,10.041718
1764068046425,-0.132025,0.478255,9.516909
1764068046435,-0.155826,0.48065,9.490115
1764068046445,-0.116757,0.554746,9.940379
1764068046455,-0.120499,0.315095,9.919872
1764068046465,-0.246986,0.074395,9.710756
1764068046475,-0.306862,-0.001198,9.695937
1764068046485,-0.354313,-0.063019,9.845327
1764068046495,-0.340692,-0.192799,9.866732
1764068046505,-0.315244,-0.231568,9.822873
1764068046515,-0.233514,-0.151036,9.865834
1764068046525,-0.42796,0.102537,9.98334
1764068046535,-0.389041,-0.162861,9.664053
1764068046545,-0.343236,-0.734672,8.745564
1764068046555,0.064516,-0.051044,10.812166
1764068046565,-0.708327,-0.513732,9.525442
1764068046575,-0.707878,-0.633183,9.700877
1764068046585,-0.761167,-0.498164,9.835896
1764068046595,-0.811013,-0.505199,9.773027
1764068046605,-1.496288,-0.466729,9.998159
1764068046615,-1.305286,-0.502804,9.79099
1764068046625,-1.199605,-0.683928,9.743987
1764068046635,-1.117426,-0.889301,9.608968
1764068046645,-0.532143,-0.520917,9.755513
1764068046655,0.062271,0.145647,9.765393
1764068046666,0.751437,1.031056,9.750574
1764068046676,0.973875,1.967958,9.793385
1764068046686,0.56762,2.23111,9.908196
1764068046696,-0.081281,1.969754,9.758507
1764068046706,-0.254321,1.376388,9.855056
1764068046716,-0.304617,0.169747,9.711056
1764068046726,-0.431104,-0.484093,9.839788
1764068046736,-0.799188,-0.887953,9.745933
1764068046746,-0.769101,-0.811013,9.827963
1764068046756,-0.502206,-0.441282,9.788595
1764068046766,-0.128583,-0.097148,9.729617
1764068046776,0.407004,0.082179,9.786349
1764068046786,0.538281,0.20193,9.719289
1764068046796,0.501607,0.457598,9.914632
1764068046806,-0.008981,0.426014,9.725725
1764068046816,-0.472418,0.457898,9.819131
1764068046826,-0.64426,0.458946,9.86763
1764068046836,-0.337847,0.607736,9.69474
1764068046846,0.005538,0.628094,9.872271
1764068046856,-0.085323,0.436642,9.75207
1764068046866,-0.179477,0.24025,9.732012
1764068046876,-0.263452,-0.049996,9.788744
1764068046886,-0.255519,-0.165406,9.759256
1764068046896,-0.273182,-0.069306,9.831106
1764068046906,-0.299976,0.03368,9.878108
1764068046916,-0.202529,0.273481,9.736503
1764068046926,-0.119751,0.408201,9.693093
1764068046936,-0.095052,0.385299,9.696985
1764068046946,-0.326621,0.088466,9.589359
1764068046956,-0.248633,0.050894,9.714948
1764068046966,-0.117955,0.114662,9.940229
1764068046976,-0.116907,0.18741,9.926907
1764068046986,-0.226329,0.003293,9.822724
1764068046996,-0.326471,-0.143701,9.807455
1764068047006,-0.270038,-0.130079,9.897269
1764068047016,-0.364193,-0.064666,9.797127
1764068047026,-0.232018,0.116458,9.739197
1764068047036,-0.258363,0.027094,9.725576
1764068047046,-0.389191,-0.145348,9.774673
1764068047056,-0.370031,-0.184566,9.849069
1764068047066,-0.323328,-0.114212,9.943373
1764068047076,-0.29339,0.021405,9.846674
1764068047086,-0.343386,-0.020657,9.576935
1764068047096,-0.426613,-0.257315,9.894874
1764068047106,-0.637824,-0.545915,9.882449
1764068047116,-0.714614,-0.633632,9.836196
1764068047126,-0.531245,-0.268392,9.747131
1764068047136,-0.379012,0.004341,9.754915
1764068047146,0.08637,0.66836,9.822574
1764068047156,-0.053589,0.496817,9.554032
1764068047166,-0.23067,0.185464,9.768686
1764068047176,-0.094304,0.263901,10.039323
1764068047186,-0.207469,0.161514,9.949809
1764068047196,-0.258812,0.040566,9.768686
1764068047206,-0.289049,-0.112267,9.893377
1764068047216,-0.23576,-0.071701,9.846075
1764068047226,-0.163161,-0.050146,9.899664
1764068047236,-0.276176,-0.163011,9.834848
1764068047246,-0.197739,-0.113763,9.832603
1764068047256,-0.202679,-0.048799,9.641301
1764068047266,-0.207169,-0.118404,9.642199
1764068047276,-0.177681,-0.045206,9.510173
1764068047286,-0.268691,-0.013023,9.950109
1764068047296,-0.152383,0.053289,9.917027
1764068047306,0.02889,0.241747,9.627529
1764068047316,-0.034877,0.202229,9.816886
1764068047326,-0.080533,0.278571,9.806707
1764068047336,-0.155377,0.065414,9.746981
1764068047346,-0.203876,0.073647,9.788445
1764068047356,-0.182171,0.124391,9.793235
1764068047367,-0.191302,-0.014071,9.746382
1764068047377,-0.110021,0.14415,9.859248
1764068047387,-0.090113,0.224982,9.775721
1764068047397,-0.033081,0.26435,9.726025
1764068047407,0.031435,0.248184,9.775871
1764068047417,0.002545,0.089813,9.815389
1764068047427,-0.011676,0.073497,9.754465
1764068047437,-0.077838,-0.008832,9.727671
1764068047447,-0.136067,-0.089364,9.790241
1764068047457,-0.169448,-0.10583,9.823023
1764068047467,-0.172441,-0.083526,9.77168
1764068047477,-0.085921,0.099842,9.97346
1764068047487,-0.058229,0.193847,9.902657
1764068047497,-0.177231,0.150437,9.733659
1764068047507,-0.107327,0.198038,9.73306
1764068047517,0.070653,0.393831,9.724977
1764068047527,-0.050894,0.154179,9.720935
1764068047537,-0.195643,-0.152982,9.830956
1764068047547,-0.127385,-0.147743,9.92541
1764068047557,-0.049697,-0.092957,9.827663
1764068047567,0.018112,0.048649,9.78126
1764068047577,-0.036674,-0.065115,9.700428
1764068047587,0.02425,-0.080982,9.745784
1764068047597,-0.021705,-0.078736,9.673334
1764068047607,-0.00015,0.020208,9.649683
1764068047617,-0.034279,-0.125289,9.856853
1764068047627,-0.029938,-0.060474,9.89173
1764068047637,-0.010329,-0.128283,9.854158
1764068047647,0.691412,0.23097,9.639654
1764068047657,2.045197,2.185605,7.654931
1764068047667,-0.43784,0.040566,12.366833
1764068047677,0.299228,0.517773,9.478739
1764068047687,-0.239951,0.512085,9.703721
1764068047697,-0.008083,0.319735,9.928404
1764068047707,-0.070952,0.078587,9.734707
1764068047717,-0.106878,-0.143252,9.815988
1764068047727,-0.039218,-0.271685,9.768985
1764068047737,-0.113165,-0.415985,9.85341
1764068047747,-0.067959,-0.627645,9.815389
1764068047757,-0.076192,-0.729733,9.81943
1764068047767,-0.049098,-0.750689,9.796678
1764068047777,-0.036524,-0.647104,9.764195
1764068047787,-0.038021,-0.825683,9.831555
1764068047797,-0.087568,-1.153352,9.737102
1764068047807,-0.241448,-1.576222,9.915531
1764068047817,-0.395927,-1.685495,9.788595
1764068047827,-0.395777,-1.315764,9.935888
1764068047837,-0.356708,-0.758922,9.598041
1764068047847,-0.361199,-0.250729,9.876162
1764068047857,0.030686,-0.111219,9.788595
1764068047867,-0.140258,0.065414,9.760154
1764068047877,-0.176483,0.245939,9.865684
1764068047887,-0.236059,0.287552,9.703422
1764068047897,-0.22124,0.096549,9.884246
1764068047907,-0.05284,-0.058379,9.804312
1764068047917,-0.124092,-0.359403,9.778715
1764068047927,-0.132924,-0.551603,9.749077
1764068047937,-0.197739,-0.714315,9.864636
1764068047947,-0.152233,-0.605641,9.738299
1764068047957,-0.117206,-0.484842,9.787397
1764068047967,-0.154778,-0.359702,9.702973
1764068047977,-0.188308,-0.262554,9.839339
1764068047987,-0.189805,-0.065115,9.835148
1764068047997,0.266147,0.225132,9.821376
1764068048007,0.061073,0.617765,9.807755
1764068048017,-0.787512,-0.224832,9.879156
1764068048027,-0.321831,-0.498613,9.710008
1764068048037,-0.153132,-0.431104,9.782906
1764068048047,-0.12963,-0.246088,9.86299
1764068048057,-0.210163,-0.272733,9.633068
1764068048067,-0.173938,-0.247585,9.893377
1764068048078,-0.187111,-0.279918,9.838141
1764068048088,0.08188,-0.128882,9.544602
1764068048098,-0.366288,-0.58184,10.010882
1764068048108,-0.088466,-0.472268,9.817484
1764068048118,-0.182171,-0.305365,9.632469
1764068048128,-0.148342,-0.0482,9.764794
1764068048138,-0.167502,0.333057,9.732312
1764068048148,-0.202828,0.296384,9.77168
1764068048158,-0.220192,0.045206,9.94951
1764068048168,-0.13951,-0.13966,9.88215
1764068048178,-0.135019,0.040566,9.65597
1764068048188,-0.177681,0.074994,9.860595
1764068048198,-0.148342,0.206421,9.733958
1764068048208,-0.158969,0.102088,9.790091
1764068048218,-0.168699,0.208367,9.790091
1764068048228,-0.199984,0.54801,9.802965
1764068048238,-0.196841,0.688418,9.743838
1764068048248,-0.204624,1.081351,9.782308
1764068048258,-0.201331,1.377585,9.772578
1764068048268,-0.188907,1.488804,9.798624
1764068048278,-0.12963,1.159788,9.754016
1764068048288,-0.150587,1.021476,9.813443
1764068048298,-0.164957,0.844095,9.820179
1764068048308,-0.176184,0.756976,9.745185
1764068048318,-0.160766,0.539927,9.841584
1764068048328,-0.181273,0.698597,9.735305
1764068048338,-0.217498,2.58707,9.779164
1764068048348,-0.16361,3.31321,9.664652
1764068048358,-0.103285,1.33193,9.831555
1764068048368,-0.170495,0.17289,9.811347
1764068048378,-0.1684,0.022304,9.788595
1764068048388,-0.183518,0.022304,9.794432
1764068048398,-0.170795,-0.011676,9.780661
1764068048408,-0.175435,-0.011227,9.797127
1764068048418,-0.167651,-0.020507,9.793385
1764068048428,-0.174088,-0.01452,9.795181
1764068048438,-0.181572,-0.007335,9.788145
1764068048448,-0.171843,0.011376,9.792037
1764068048458,-0.171693,0.024998,9.783056
1764068048468,-0.174687,0.024399,9.783954
1764068048478,-0.175585,0.00479,9.790241
1764068048488,-0.171094,-0.012873,9.789642
1764068048498,-0.170645,-0.023801,9.805509
1764068048508,-0.171094,-0.011676,9.800719
1764068048518,-0.176333,0.000299,9.808503
1764068048528,-0.169298,0.022453,9.788595
1764068048538,-0.16346,0.0241,9.784254
1764068048548,-0.177231,0.014669,9.792636
1764068048558,-0.161065,-0.00479,9.787996
1764068048568,-0.161664,-0.005988,9.79563
1764068048578,-0.164807,-0.007784,9.792486
1764068048588,-0.174836,-0.007335,9.802066
1764068048598,-0.186662,-0.000898,9.801468
1764068048608,-0.166903,0.017663,9.792037
1764068048618,-0.177531,0.023651,9.786798
1764068048628,-0.153281,0.023052,9.794133
1764068048638,-0.161514,0.011676,9.812694
1764068048648,-0.171543,-0.002245,9.778715
1764068048658,-0.164059,-0.012873,9.831555
1764068048668,-0.155227,-0.005089,9.837992
1764068048678,-0.140707,0.004191,9.821975
1764068048688,-0.090562,0.025297,9.758507
1764068048698,-0.267494,-0.130379,9.687405
1764068048708,-0.158221,-0.004042,9.816886
1764068048718,-0.164957,0.012125,9.846823
1764068048728,-0.154179,0.010927,9.744885
1764068048738,-0.155078,-0.000898,9.781859
1764068048748,-0.165855,0.004341,9.826466
1764068048758,-0.157922,-0.007035,9.774973
1764068048768,-0.146845,-0.010179,9.79099
1764068048779,-0.156275,-0.008981,9.817185
1764068048789,-0.144599,-0.004042,9.77153
1764068048799,-0.153281,-0.009131,9.805659
1764068048809,-0.153132,0.008532,9.780062
1764068048819,-0.154479,-0.003892,9.791439
1764068048829,-0.15852,-0.003143,9.792187
1764068048839,-0.131726,-0.014819,9.803264
1764068048849,-0.161814,-0.001497,9.789942
1764068048859,-0.148042,-0.002096,9.783355
1764068048869,-0.147443,0.005988,9.807156
1764068048879,-0.152832,0.00943,9.777368
1764068048889,-0.146845,-0.000748,9.802366
1764068048899,-0.167801,0.010478,9.782158
1764068048909,-0.147743,-0.000748,9.785451
1764068048919,-0.149539,-0.012125,9.794881
1764068048929,-0.161215,-0.032632,9.793684
1764068048939,-0.145198,-0.032482,9.805659
1764068048949,-0.152233,-0.020807,9.774075
1764068048959,-0.157622,-0.013771,9.804761
1764068048969,-0.139061,-0.002994,9.77153
1764068048979,-0.160915,-0.00494,9.806108
1764068048989,-0.159269,0.006137,9.781709
1764068048999,-0.151635,0.013023,9.786649
1764068049009,-0.151784,0.015568,9.791888
1764068049019,-0.148641,0.01422,9.78111
1764068049029,-0.154628,-0.000898,9.793684
1764068049039,-0.153132,-0.002844,9.789044
1764068049049,-0.15388,-0.007035,9.805509
1764068049059,-0.149689,-0.01931,9.784403
1764068049069,-0.145647,-0.007335,9.794432
1764068049079,-0.150886,-0.012274,9.802216
1764068049089,-0.151784,-0.012125,9.789044
1764068049099,-0.156275,-0.001946,9.801767
1764068049109,-0.156724,0.011676,9.77617
1764068049119,-0.149988,0.025597,9.801468
1764068049129,-0.156874,0.01452,9.785002
1764068049139,-0.161065,0.007335,9.786649
1764068049149,-0.159868,0.000299,9.793983
1764068049159,-0.157772,-0.002844,9.79099
1764068049169,-0.15403,0.005389,9.798025
1764068049179,-0.154179,-0.000748,9.768536
1764068049189,-0.15852,-0.00464,9.809102
1764068049199,-0.149389,-0.011077,9.774524
1764068049209,-0.162562,-0.001347,9.793085
1764068049219,-0.154778,0.001198,9.785451
1764068049229,-0.153581,-0.000748,9.799372
1764068049239,-0.159418,-0.007185,9.804761
1764068049249,-0.152832,-0.003742,9.793235
1764068049259,-0.156275,-0.00479,9.80506
1764068049269,-0.15882,0.005688,9.780062
1764068049279,-0.147144,-0.003892,9.783655
1764068049289,-0.155227,0.002096,9.788145
1764068049299,-0.148192,-0.001647,9.787098
1764068049309,-0.158221,-0.005239,9.798474
1764068049319,-0.153431,-0.007484,9.773326
1764068049329,-0.158969,-0.011376,9.794133
1764068049339,-0.154179,-0.012424,9.77647
1764068049349,-0.151635,-0.001347,9.80057
1764068049359,-0.143402,-0.006586,9.784254
1764068049369,-0.152233,-0.00464,9.779763
1764068049379,-0.160017,0.005988,9.796977
1764068049389,-0.169148,0.037572,9.77647
1764068049399,-0.192949,0.247735,9.762848
1764068049409,-0.094304,0.186662,9.903106
1764068049419,-0.126188,-0.156125,9.5455
1764068049429,-0.245939,-0.405806,10.045161
1764068049439,-0.135468,-0.294138,9.850715
1764068049449,-0.165406,-0.000748,9.683513
1764068049459,-0.138612,0.152682,9.815988
1764068049469,-0.138163,0.166753,9.789642
1764068049480,-0.161065,0.095651,9.684112
1764068049490,-0.153581,0.143252,9.855356
1764068049500,-0.165107,0.119901,9.75252
1764068049510,-0.146545,-0.040266,9.811048
1764068049520,-0.162712,-0.236209,9.845476
1764068049530,-0.167202,-0.308958,9.844279
1764068049540,-0.153581,-0.088765,9.78126
1764068049550,-0.138462,0.13966,9.782457
1764068049560,-0.152383,0.268691,9.718391
1764068049570,-0.152084,0.128882,9.768836
1764068049580,-0.16331,-0.051942,9.803563
1764068049590,-0.159119,-0.125589,9.823622
1764068049600,-0.149838,-0.094903,9.803264
1764068049610,-0.156125,-0.03353,9.834549
1764068049620,-0.147294,-0.039368,9.797726
1764068049630,-0.160766,-0.002096,9.79099
1764068049640,-0.150437,0.023651,9.759705
1764068049650,-0.151635,0.10104,9.775422
1764068049660,-0.15403,0.083377,9.760154
1764068049670,-0.146246,0.007484,9.798773
1764068049680,-0.152982,-0.098196,9.821227
1764068049690,-0.143252,-0.111668,9.814042
1764068049700,-0.166903,-0.054936,9.832004
1764068049710,-0.165556,0.043709,9.778865
1764068049720,-0.13951,0.094454,9.786798
1764068049730,-0.143701,0.041164,9.780811
1764068049740,-0.146845,-0.02425,9.779913
1764068049750,-0.148491,-0.064366,9.804761
1764068049760,-0.155527,-0.037422,9.780811
1764068049770,-0.152533,-0.018861,9.806407
1764068049780,-0.151485,-0.027094,9.796378
1764068049790,-0.152233,-0.046853,9.808054
1764068049800,-0.159269,-0.011526,9.803863
1764068049810,-0.148491,0.072,9.766141
1764068049820,-0.148342,0.09146,9.781859
1764068049830,-0.148192,0.051194,9.774374
1764068049840,-0.162113,-0.074395,9.809701
1764068049850,-0.154179,-0.11047,9.788894
1764068049860,-0.146994,-0.069007,9.811796
1764068049870,-0.151335,0.014819,9.772428
1764068049880,-0.160017,0.05299,9.796678
1764068049890,-0.147144,0.040715,9.789044
1764068049900,-0.148641,0.000299,9.786649
1764068049910,-0.142055,0.004341,9.801019
1764068049920,-0.150737,0.01946,9.780511
1764068049930,-0.157772,0.001048,9.804012
1764068049940,-0.15867,-0.045356,9.796977
1764068049950,-0.155976,-0.085323,9.801019
1764068049960,-0.147443,-0.070354,9.79069
1764068049970,-0.156425,0.002395,9.783056
1764068049980,-0.155976,0.060774,9.793235
1764068049990,-0.154928,0.07709,9.757759
1764068050000,-0.153132,0.018711,9.80506
1764068050010,-0.146845,-0.033979,9.777518
1764068050020,-0.155527,-0.044907,9.816137
1764068050030,-0.147294,-0.018262,9.794133
1764068050040,-0.146695,-0.008083,9.792486
1764068050050,-0.154628,-0.000748,9.792636
1764068050060,-0.153281,-0.014669,9.792486
1764068050070,-0.146695,-0.008083,9.787547
1764068050080,-0.149539,0.01946,9.79084
1764068050090,-0.150437,0.037272,9.806407
1764068050100,-0.154778,0.019759,9.786349
1764068050110,-0.149838,-0.008532,9.806857
1764068050120,-0.154928,-0.040566,9.813443
1764068050130,-0.15373,-0.030836,9.788894
1764068050140,-0.15403,-0.016466,9.800869
1764068050150,-0.150287,0.002395,9.771231
1764068050160,-0.150587,-0.001048,9.80536
1764068050170,-0.156275,0.002844,9.779613
1764068050181,-0.162712,-0.006886,9.798324
1764068050191,-0.14909,0.005389,9.804312
1764068050201,-0.147294,0.021256,9.79099
1764068050211,-0.156125,0.000748,9.806707
1764068050221,-0.148192,-0.022753,9.784403
1764068050231,-0.152533,-0.021405,9.796229
1764068050241,-0.145797,-0.014819,9.778865
1764068050251,-0.154329,0.000299,9.788445
1764068050261,-0.157173,0.006137,9.776021
1764068050271,-0.156874,-0.002694,9.788295
1764068050281,-0.159269,0.000898,9.792337
1764068050291,-0.144001,0.002096,9.785002
1764068050301,-0.152832,0.016316,9.791888
1764068050311,-0.158071,0.000599,9.784852
1764068050321,-0.151485,-0.022004,9.811198
1764068050331,-0.152682,-0.02904,9.786798
1764068050341,-0.156574,-0.013622,9.796528
1764068050351,-0.144749,-0.001347,9.788894
1764068050361,-0.152533,0.011526,9.775123
1764068050371,-0.158969,0.002694,9.791588
1764068050381,-0.153132,-0.013622,9.784104
1764068050391,-0.156724,-0.017364,9.804911
1764068050401,-0.150287,-0.004491,9.804012
1764068050411,-0.15867,0.003293,9.786649
1764068050421,-0.151934,-0.001647,9.805659
1764068050431,-0.153132,-0.017214,9.789343
1764068050441,-0.156275,-0.016615,9.797426
1764068050451,-0.137863,-0.004042,9.777218
1764068050461,-0.15403,-0.002245,9.796229
1764068050471,-0.151036,-0.000898,9.782158
1764068050481,-0.154179,-0.010927,9.794881
1764068050491,-0.148342,-0.010628,9.798624
1764068050501,-0.150287,-0.005838,9.788744
1764068050511,-0.157922,0.003892,9.80057
1764068050521,-0.148491,0.011227,9.777068
1764068050531,-0.155078,-0.003742,9.797726
1764068050541,-0.155078,-0.007934,9.779164
1764068050551,-0.149838,-0.013023,9.797276
1764068050561,-0.152832,-0.005838,9.797276
1764068050571,-0.152233,0.007484,9.788744
1764068050581,-0.157473,0.011227,9.794881
1764068050591,-0.146695,-0.002694,9.779014
1764068050601,-0.148342,-0.014819,9.802216
1764068050611,-0.147743,-0.009281,9.791139
1764068050621,-0.14909,-0.0,9.790391
1764068050631,-0.150287,0.013023,9.792786
1764068050641,-0.152982,0.007784,9.7859
1764068050651,-0.160466,-0.010478,9.791588
1764068050661,-0.15403,-0.015268,9.782457
1764068050671,-0.157023,-0.006886,9.801917
1764068050681,-0.146396,-0.001048,9.793085
1764068050691,-0.145048,-0.002245,9.799222
1764068050701,-0.145497,-0.006886,9.788295
1764068050711,-0.146695,-0.007934,9.791888
1764068050721,-0.153431,-0.005239,9.786948
1764068050731,-0.148342,-0.001647,9.787996
1764068050741,-0.146994,-0.000299,9.806108
1764068050751,-0.148192,-0.004341,9.785601
1764068050761,-0.150587,-0.00973,9.80506
1764068050771,-0.152233,-0.003143,9.787098
1764068050781,-0.149988,0.010927,9.788894
1764068050791,-0.147443,0.008682,9.784104
1764068050801,-0.151335,0.00015,9.782158
1764068050811,-0.150886,-0.01916,9.803713
1764068050821,-0.151784,-0.029788,9.796827
1764068050831,-0.165256,-0.020208,9.788595
1764068050841,-0.156125,-0.002545,9.788445
1764068050851,-0.150287,0.009131,9.78111
1764068050861,-0.151335,0.010778,9.796229
1764068050871,-0.146246,0.001497,9.784703
1764068050881,-0.154329,-0.002245,9.794582
1764068050892,-0.152982,-0.00479,9.793684
1764068050902,-0.158221,-0.007185,9.796827
1764068050912,-0.155527,-0.010927,9.79084
1764068050922,-0.149689,-0.016017,9.808653
1764068050932,-0.157473,-0.015568,9.795031
1764068050942,-0.154778,-0.004341,9.799372
1764068050952,-0.158371,-0.000898,9.793085
1764068050962,-0.15882,-0.005988,9.787696
1764068050972,-0.15373,-0.007484,9.811946
1764068050982,-0.152982,-0.004042,9.78605
1764068050992,-0.151934,0.003892,9.796678
1764068051002,-0.145198,0.010029,9.784403
1764068051012,-0.151186,0.001347,9.802066
1764068051022,-0.152982,-0.009879,9.79563
1764068051032,-0.15403,-0.029189,9.792337
1764068051042,-0.156275,-0.015268,9.79099
1764068051052,-0.152982,-0.004191,9.798025
1764068051062,-0.161364,0.005688,9.793235
1764068051072,-0.152533,0.011227,9.784104
1764068051082,-0.148791,0.020058,9.796229
1764068051092,-0.152383,0.013322,9.801019
1764068051102,-0.145647,-0.002395,9.787247
1764068051112,-0.154628,-0.012274,9.787996
1764068051122,-0.145947,-0.01931,9.799522
1764068051132,-0.148342,-0.016615,9.796678
1764068051142,-0.157323,-0.00464,9.797276
1764068051152,-0.148342,0.010927,9.785002
1764068051162,-0.154628,0.018112,9.786649
1764068051172,-0.150587,0.01901,9.786499
1764068051182,-0.14894,0.005089,9.785451
1764068051192,-0.155527,-0.013322,9.787547
1764068051202,-0.143402,-0.027692,9.797576
1764068051212,-0.148342,-0.029489,9.789942
1764068051222,-0.149689,-0.021256,9.79563
1764068051232,-0.148791,-0.007634,9.784703
1764068051242,-0.159418,0.00479,9.787996
1764068051252,-0.14909,0.013921,9.787547
1764068051262,-0.143402,0.01916,9.79563
1764068051272,-0.164508,0.012873,9.794432
1764068051282,-0.153431,-0.014071,9.799821
1764068051292,-0.151485,-0.035776,9.794283
1764068051302,-0.15852,-0.039218,9.789493
1764068051312,-0.133822,-0.017514,9.772728
1764068051322,-0.157323,0.002994,9.778266
1764068051332,-0.144599,0.013622,9.791588
1764068051342,-0.162113,0.000898,9.786349
1764068051352,-0.145947,0.002694,9.775871
1764068051362,-0.145198,-0.000599,9.801617
1764068051372,-0.17813,-0.005688,9.780362
1764068051382,-0.117655,-0.015867,9.804012
1764068051392,-0.188907,-0.005239,9.773326
1764068051402,-0.132924,-0.01422,9.808503
1764068051412,-0.155227,0.00464,9.768686
1764068051422,-0.171843,0.013622,9.802815
1764068051432,-0.118254,0.016316,9.766441
1764068051442,-0.182021,0.007335,9.811198
1764068051452,-0.137714,-0.008832,9.777817
1764068051462,-0.166304,-0.010478,9.818682
1764068051472,-0.164059,-0.007484,9.786798
1764068051482,-0.12993,0.006287,9.784104
1764068051492,-0.167202,0.022304,9.778565
1764068051502,-0.136815,0.017813,9.799222
1764068051512,-0.152084,0.005389,9.768686
1764068051522,-0.169747,-0.001946,9.808353
1764068051532,-0.13936,-0.021405,9.803563
1764068051542,-0.165107,-0.01422,9.810449
1764068051552,-0.152982,0.163161,9.789343
1764068051562,-0.045655,2.67838,9.819281
1764068051572,0.002395,2.104923,9.669442
1764068051582,-0.290995,0.446222,9.855056
1764068051593,-0.183369,0.156275,9.677825
1764068051603,-0.129032,0.078587,9.859547
1764068051613,-0.15388,0.265248,9.74728
1764068051623,-0.140558,-0.092957,9.883797
1764068051633,-0.164209,-0.041613,9.701775
1764068051643,-0.226329,0.000449,9.839189
1764068051653,-0.252525,0.016316,9.736802
1764068051663,-0.249531,-0.186662,9.820778
1764068051673,-0.181872,-0.044607,9.744287
1764068051683,-0.124092,0.493524,9.770782
1764068051693,-0.135618,1.391506,9.86778
1764068051703,-0.191602,1.870211,9.78126
1764068051713,-0.203876,1.739682,9.736203
1764068051723,-0.182471,1.047821,9.81479
1764068051733,-0.160915,0.486488,9.790391
1764068051743,-0.244442,0.020657,9.77647
1764068051753,-0.197439,-0.194745,9.754615
1764068051763,-0.128732,-0.316592,9.849668
1764068051773,-0.104932,-0.332608,9.79054
1764068051783,-0.175435,-0.186662,9.850416
1764068051793,-0.199834,0.017364,9.798923
1764068051803,-0.112865,-0.257016,10.0266
1764068051813,-0.157922,-0.220941,9.601035
1764068051823,-0.111518,0.032482,9.766141
1764068051833,-0.159868,0.312101,9.812395
1764068051843,-0.137714,0.409399,9.698632
1764068051853,-0.138462,0.733924,9.842782
1764068051863,-0.141456,0.889899,9.774224
1764068051873,-0.143701,0.642314,9.763746
1764068051883,-0.158969,0.407303,9.759405
1764068051893,-0.127235,0.390837,9.812245
1764068051903,-0.171394,0.277822,9.714499
1764068051913,-0.177531,0.172441,9.769584
1764068051923,-0.117955,-0.051942,9.903406
1764068051933,-0.149988,-0.116757,9.691896
1764068051943,-0.222737,-0.069456,9.947564
1764068051953,-0.078437,-0.566871,9.852212
1764068051963,-0.141007,0.234712,9.517658
1764068051973,-0.137115,0.123044,10.075997
1764068051983,-0.125439,0.026645,9.511371
1764068051993,-0.169747,-0.131576,10.023606
1764068052003,-0.138911,-0.26929,9.681567
1764068052013,-0.271086,0.18262,9.654623
1764068052023,-0.567171,0.369132,9.644744
1764068052033,-0.37048,0.165705,10.075248
1764068052043,0.528102,-1.901795,9.716145
1764068052053,-0.174687,-0.876427,9.864337
1764068052063,-0.008682,-0.453557,9.935439
1764068052073,-0.273631,-0.073198,9.65627
1764068052083,-0.125888,0.275727,9.791738
1764068052093,0.107626,0.519719,9.811497
1764068052103,0.165855,0.420925,9.703272
1764068052113,-0.048799,0.014969,9.880803
1764068052123,-0.131427,-0.200284,9.768686
1764068052133,-0.082778,-0.431104,9.745933
1764068052143,0.027543,-0.65863,9.86778
1764068052153,-0.013771,-0.257165,9.909842
1764068052163,-0.154479,0.546064,9.686656
1764068052173,-0.08188,0.135768,9.591604
1764068052183,-0.210462,-0.258961,9.861942
1764068052193,-0.207918,-0.393232,9.995614
1764068052203,0.055085,-0.748144,9.770183
1764068052213,0.105381,-0.358654,9.700278
1764068052223,-0.097298,-0.0482,9.787247
1764068052233,-0.192949,0.054487,9.801917
1764068052243,-0.273032,0.204175,9.853559
1764068052253,-0.290097,0.275876,9.774374
1764068052263,-0.287552,0.196092,9.863888
1764068052273,-0.256267,0.143402,9.873767
1764068052283,-0.135917,-0.116009,9.777817
1764068052294,-0.024848,-0.107027,9.711954
1764068052304,-0.050744,-0.136366,9.788295
1764068052314,-0.048349,-0.282612,9.731413
1764068052324,0.075742,-0.130529,9.765692
1764068052334,0.130529,-0.140857,9.721384
1764068052344,0.02874,-0.092208,9.706116
1764068052354,0.018412,0.016466,9.768536
1764068052364,0.005538,-0.079185,9.810898
1764068052374,-0.013173,0.119003,9.817035
1764068052384,-0.018262,0.116009,9.73785
1764068052394,-0.146695,0.053439,9.851464
1764068052404,-0.080533,0.170495,9.784403
1764068052414,-0.01931,0.193248,9.678873
1764068052424,-0.131427,0.084574,9.721684
1764068052434,-0.173938,0.24983,9.850117
1764068052444,-0.228874,0.18741,9.803863
1764068052454,-0.185764,0.116757,9.687106
1764068052464,-0.189955,0.233365,9.821825
1764068052474,-0.213306,0.360301,9.868678
1764068052484,-0.217049,0.314646,9.75207
1764068052494,-0.276176,0.013622,9.84368
1764068052504,-0.242047,-0.150886,9.831106
1764068052514,-0.201032,-0.227078,9.879605
1764068052524,-0.175136,-0.323777,9.749975
1764068052534,-0.228275,-0.074395,9.717941
1764068052544,-0.342039,0.309856,9.77647
1764068052554,-0.428259,0.385448,9.824969
1764068052564,-0.47137,0.459694,9.767937
1764068052574,-0.585433,0.33201,9.840087
1764068052584,-0.534538,-0.043859,9.809551
1764068052594,-0.379012,-0.422871,9.831705
1764068052604,-0.180076,-0.372875,9.671987
1764068052614,-0.370929,-0.209115,9.85341
1764068052624,-0.390987,-0.087119,9.789942
1764068052634,-0.381107,0.102537,9.816586
1764068052644,-0.454305,0.324825,9.793834
1764068052654,-0.460293,0.20672,9.722881
1764068052664,-0.42811,0.271386,9.884545
1764068052674,-0.400717,-0.048948,9.782008
1764068052684,-0.470472,-0.218096,9.745484
1764068052694,-0.357606,0.058678,9.936038
1764068052704,-0.29324,0.316592,9.719438
1764068052714,-0.41853,0.177681,9.715696
1764068052724,-0.592767,0.176483,9.835148
1764068052734,-0.546813,-0.002844,9.818383
1764068052744,-0.521665,-0.071252,9.749077
1764068052754,-0.418081,-0.042811,9.780511
1764068052764,-0.394879,0.03383,9.809252
1764068052774,-0.390238,-0.170645,9.825418
1764068052784,-0.452958,-0.35566,9.793085
1764068052794,-0.493374,-0.561482,9.746682
1764068052804,-0.456251,-0.392634,9.865235
1764068052814,-0.528551,-0.411045,9.739347
1764068052824,-0.487237,-0.271984,9.700278
1764068052834,-0.442929,-0.174986,9.793385
1764068052844,-0.378114,-0.088915,9.886491
1764068052854,-0.358804,-0.163011,9.699679
1764068052864,-0.330662,-0.119601,9.720935
1764068052874,-0.370031,-0.119751,9.927655
1764068052884,-0.382455,-0.160915,9.638157
1764068052894,-0.4326,0.023202,9.840087
1764068052904,-0.426763,-0.007634,9.886641
1764068052914,-0.381257,-0.446372,9.813892
1764068052924,-0.463586,-0.349373,9.82931
1764068052934,-0.389191,0.037272,9.750873
1764068052944,-0.390089,0.055085,9.868678
1764068052954,-0.453707,-0.151784,9.688752
1764068052964,-0.389939,-0.207768,9.784254
1764068052974,-0.4326,0.049098,9.774673
1764068052984,-0.34608,0.321382,9.775721
1764068052995,-0.3609,0.208816,9.83395
1764068053005,-0.430505,0.211211,9.745634
1764068053015,-0.427062,-0.008383,9.82452
1764068053025,-0.395328,0.077389,9.811497
1764068053035,-0.449515,-0.073647,9.805958
1764068053045,-0.45206,-0.020507,9.751322
1764068053055,-0.431702,-0.066911,9.765842
1764068053065,-0.391286,-0.109572,9.796079
1764068053075,-0.47631,-0.377665,9.749077
1764068053085,-0.406704,-0.386197,9.826466
1764068053095,-0.332309,0.089364,9.757759
1764068053105,-0.384401,0.258961,9.812096
1764068053115,-0.510888,-1.845512,10.025851
1764068053125,-0.389041,-0.656834,9.630523
1764068053135,-0.297282,1.684297,9.472452
1764068053145,-0.300276,0.378114,10.225386
1764068053155,-0.418979,-0.04805,9.746382
1764068053165,-0.457748,0.309856,9.508976
1764068053175,-0.369132,0.061372,9.899664
1764068053185,-0.427511,-0.381107,9.711205
1764068053195,-0.414488,-0.518671,9.79054
1764068053205,-0.406704,-0.45191,9.871223
1764068053215,-0.39892,-0.484842,9.782008
1764068053225,-0.403411,-0.292192,9.78575
1764068053235,-0.390987,-0.064366,9.849218
1764068053245,-0.347278,-0.013472,9.814042
1764068053255,-0.310754,0.167352,9.664053
1764068053265,-0.277074,0.199834,9.846075
1764068053275,-0.306263,0.152832,9.779913
1764068053285,-0.3124,0.165855,9.829909
1764068053295,-0.320933,0.1684,9.773626
1764068053305,-0.370929,-0.229024,9.780811
1764068053315,-0.3847,-0.235161,9.814191
1764068053325,-0.319136,-0.006586,9.774973
1764068053335,-0.251327,0.388442,9.762848
1764068053345,-0.211061,0.441432,9.793235
1764068053355,-0.293091,0.298479,9.777967
1764068053365,-0.320484,0.122894,9.768087
1764068053375,-0.402663,-0.206121,9.799372
1764068053385,-0.361498,-0.007934,9.786199
1764068053395,-0.36045,0.186512,9.785601
1764068053405,-0.362995,0.082928,9.807006
1764068053415,-0.36554,0.205523,9.759854
1764068053425,-0.564776,0.105381,9.749825
1764068053435,-0.402663,-0.908461,9.823622
1764068053445,-0.357606,-0.963397,9.901609
1764068053455,-0.281115,-0.471819,9.785451
1764068053465,-0.301323,-0.118703,9.77153
1764068053475,-0.281864,0.160616,9.765842
1764068053485,-0.273631,0.354164,9.755364
1764068053495,-0.313598,0.28396,9.80521
1764068053505,-0.311951,0.227677,9.792786
1764068053515,-0.263003,0.314646,9.84847
1764068053525,-0.321831,0.388442,9.738299
1764068053535,-0.315095,0.077838,9.822873
1764068053545,-0.354912,-0.087418,9.763297
1764068053555,-0.354014,-0.250729,9.778565
1764068053565,-0.35117,-0.341889,9.768387
1764068053575,-0.386347,-0.473166,9.804162
1764068053585,-0.330513,-0.239502,9.824969
1764068053595,-0.274828,0.09595,9.792636
1764068053605,-0.248334,0.264949,9.778416
1764068053615,-0.225132,0.414937,9.812844
1764068053625,-0.223635,0.475561,9.773925
1764068053635,-0.253722,0.501906,9.807605
1764068053645,-0.300874,0.590672,9.756112
1764068053655,-0.365839,0.502355,9.860445
1764068053665,-0.386646,0.581241,9.788894
1764068053675,-0.367785,0.588726,9.811048
1764068053685,-0.34623,0.482596,9.847871
1764068053696,-0.20687,0.474663,9.844728
1764068053706,-0.145497,0.481698,9.750574
1764068053716,-0.167202,0.516276,9.694141
1764068053726,-0.17813,0.711021,9.750723
1764068053736,-0.157323,0.721649,9.809551
1764068053746,-0.213157,0.722248,9.75731
1764068053756,-0.256117,0.33665,9.77168
1764068053766,-0.03847,-1.317261,11.08894
1764068053776,-0.059426,-1.992656,9.362131
1764068053786,-0.002694,0.253872,9.114397
1764068053796,-0.151186,1.316512,9.963132
1764068053806,-0.121847,1.26936,9.636361
1764068053816,-0.650847,0.842747,9.56002
1764068053826,-0.597557,0.592169,9.692644
1764068053836,-0.285456,0.296833,9.695039
1764068053846,-0.195344,0.268991,9.851015
1764068053856,-0.094154,0.250878,9.798175
1764068053866,-0.145947,0.274828,9.807156
1764068053876,-0.101639,0.2163,9.848171
1764068053886,-0.056133,0.545466,9.762249
1764068053896,-0.146695,0.86071,9.78575
1764068053906,-0.364193,0.801134,9.770782
1764068053916,-0.319885,0.81745,9.760303
1764068053926,-0.221839,0.946781,9.748927
1764068053936,-0.179626,1.193768,9.794582
1764068053946,-0.120499,1.141376,9.785152
1764068053956,0.006586,0.742007,9.816287
1764068053966,0.103136,0.570314,9.79069
1764068053976,0.024399,0.615221,9.705667
1764068053986,-0.011825,0.957708,9.669742
1764068053996,-0.136366,1.254841,9.673484
1764068054006,-0.357008,1.290317,9.784852
1764068054016,-0.536784,1.540447,9.741143
1764068054026,-0.584385,1.435515,9.794582
1764068054036,-0.468376,1.094524,9.918225
1764068054046,-0.149389,1.065933,9.815538
1764068054056,0.035925,0.986299,9.818383
1764068054066,-0.079485,0.781525,9.809252
1764068054076,-0.274679,0.8414,9.815838
1764068054086,-0.540227,0.920436,9.648785
1764068054096,-0.624801,1.023122,9.761501
1764068054106,-0.540376,0.948577,9.816137
1764068054116,-0.119003,0.989742,9.844129
1764068054126,0.02889,0.58663,9.686956
1764068054136,-0.162263,0.458796,9.984387
1764068054146,-0.367037,0.342488,9.921967
1764068054156,-0.342787,0.432451,9.582174
1764068054166,-0.312101,0.724493,9.780362
1764068054176,-0.36524,0.926423,9.974508
1764068054186,-0.084125,0.868494,9.654922
1764068054196,-0.285007,0.611478,9.926308
1764068054206,-0.093406,0.269739,9.823771
1764068054216,-0.137265,0.002096,9.709259
1764068054226,-0.274679,-0.225132,9.747729
1764068054236,-0.232018,-0.016915,9.859547
1764068054246,-0.305515,0.263901,9.796229
1764068054256,-0.513582,0.483046,9.862092
1764068054266,-0.47616,0.095052,9.739347
1764068054276,-0.44218,-0.440983,9.740544
1764068054286,-0.220641,-0.497565,9.745484
1764068054296,0.017663,-0.210612,9.801168
1764068054306,-0.268092,0.365839,9.874067
1764068054316,-0.327818,0.37497,9.82901
1764068054326,-0.215402,-0.387843,9.63696
1764068054336,-0.355511,-1.030158,9.810898
1764068054346,-0.248184,-0.955613,9.912088
1764068054356,-0.549208,-0.852627,9.607022
1764068054366,-0.29803,-0.908461,9.462572
1764068054376,-0.237257,-0.790207,9.951755
1764068054386,-0.032482,-0.439037,10.030342
1764068054396,-0.112267,-0.025297,9.927805
1764068054407,-0.290546,0.186662,9.761651
1764068054417,-0.304766,0.541274,9.74249
1764068054427,-0.295036,0.835413,9.733958
1764068054437,-0.313748,0.645158,9.768985
1764068054447,-0.308658,0.405207,9.800869
1764068054457,-0.307012,0.251178,9.828262
1764068054467,-0.218396,0.08652,9.717193
1764068054477,-0.291594,-0.319436,9.782308
1764068054487,-0.279169,-0.286654,9.790391
1764068054497,-0.276625,0.067959,9.826615
1764068054507,-0.277373,0.35566,9.81494
1764068054517,-0.312251,0.542921,9.916279
1764068054527,-0.20687,0.679587,9.686956
1764068054537,-0.222887,0.537682,9.898616
1764068054547,-0.236358,0.196541,9.721085
1764068054557,-0.159418,-0.061073,9.807156
1764068054567,-0.260159,-0.039817,9.746382
1764068054577,-0.243693,-0.056433,9.765393
1764068054587,-0.527204,-0.295785,9.784703
1764068054597,-0.875529,-0.239053,9.849668
1764068054607,-0.510888,0.087418,9.791289
1764068054617,0.056582,-0.027094,9.669293
1764068054627,0.113015,-0.066013,9.691596
1764068054637,-0.325274,-0.258961,9.864187
1764068054647,-0.23576,0.106279,9.771829
1764068054657,-0.252525,0.217198,9.769285
1764068054667,-0.404908,0.073198,9.829909
1764068054677,-0.236808,0.352068,9.779763
1764068054687,-0.301623,0.429607,9.716445
1764068054697,-0.39428,-0.074994,9.883497
1764068054707,-0.25477,-0.339943,9.748029
1764068054717,-0.205972,-0.212708,9.803264
1764068054727,-0.311053,-0.096849,9.832603
1764068054737,-0.244741,-0.280666,9.796528
1764068054747,-0.335003,-0.313897,9.754915
1764068054757,-0.185614,-0.359552,9.797127
1764068054767,-0.309556,-0.345631,9.839339
1764068054777,-0.350122,-0.189506,9.80042
1764068054787,-0.269589,0.239801,9.792786
1764068054797,-0.276176,0.320184,9.792935
1764068054807,-0.260907,-0.064216,9.784104
1764068054817,-0.25956,-0.319885,9.743987
1764068054827,-0.300425,-0.678988,9.761651
1764068054837,-0.338746,-0.652493,9.813143
1764068054847,-0.251627,-0.332459,9.782906
1764068054857,-0.32228,-0.260159,9.840836
1764068054867,0.210911,0.255519,9.749077
1764068054877,-0.110021,0.247286,9.797276
1764068054887,-0.441731,-0.031584,9.926009
1764068054897,-0.185614,-0.356409,9.731114
1764068054907,-0.368234,-0.416883,9.793235
1764068054917,-0.311802,-0.103136,9.811497
1764068054927,-0.199535,0.047002,9.761201
1764068054937,-0.188907,-0.148342,9.756711
1764068054947,-0.246088,-0.255668,9.801318
1764068054957,-0.262554,-0.417482,9.788145
1764068054967,-0.309407,-0.573008,9.770931
1764068054977,-0.310155,-0.610431,9.744137
1764068054987,-0.387993,-0.526455,9.85311
1764068054997,-0.42302,-0.4088,9.782906
1764068055007,-0.392634,-0.334255,9.812844
1764068055017,-0.364941,-0.308958,9.780212
1764068055027,-0.388592,-0.20657,9.768237
1764068055037,-0.544418,-0.040416,9.881701
1764068055047,-0.453557,-0.041314,9.72842
1764068055057,-0.193847,-0.053738,9.712553
1764068055067,-0.188757,-0.095352,9.832603
1764068055077,-0.193248,-0.190404,9.844578
1764068055087,-0.205523,-0.169298,9.822574
1764068055097,-0.106578,-0.073198,9.79054
1764068055108,-0.063917,0.18771,9.805509
1764068055118,-0.098345,0.316442,9.70911
1764068055128,-0.165556,0.291444,9.783804
1764068055138,-0.227677,0.202529,9.757459
1764068055148,-0.288899,0.128732,9.883198
1764068055158,-0.258512,0.210462,9.764644
1764068055168,-0.256417,0.012873,9.77138
1764068055178,-0.374671,-0.113015,9.797276
1764068055188,-0.351918,-0.085173,9.74758
1764068055198,-0.487237,-0.373324,9.852212
1764068055208,-0.55774,-0.50954,9.837992
1764068055218,-0.481698,-0.665815,9.780362
1764068055228,-0.395777,-0.489332,9.812096
1764068055238,-0.357157,-0.374821,9.812545
1764068055248,-0.364043,-0.247136,9.811946
1764068055258,-0.172591,0.218246,9.796079
1764068055268,-0.099244,0.496068,9.784852
1764068055278,-0.103734,0.704734,9.770183
1764068055288,-0.116308,0.869242,9.735904
1764068055298,-0.114811,0.927621,9.821227
1764068055308,-0.271535,0.919837,9.744736
1764068055318,-0.479752,0.645907,9.796079
1764068055328,-0.444426,0.481698,9.783804
1764068055338,-0.516426,0.381557,9.793235
1764068055348,-0.50475,0.251477,9.795031
1764068055358,-0.443528,0.201182,9.821227
1764068055368,-0.382904,0.183818,9.792337
1764068055378,-0.490979,0.089214,9.811497
1764068055388,-0.356409,0.132924,9.697733
1764068055398,-0.49038,0.188308,9.810898
1764068055408,-0.530197,0.253872,9.717343
1764068055418,-0.505948,0.25477,9.798624
1764068055428,-0.507145,-0.039817,9.776021
1764068055438,-0.352816,0.051194,9.794283
1764068055448,-0.342787,-0.044757,9.791139
1764068055458,-0.275727,-0.296234,9.767488
1764068055468,-0.155227,-0.073198,9.853559
1764068055478,-0.442779,0.196541,9.831405
1764068055488,-0.585133,-0.087269,9.796528
1764068055498,-0.565225,-0.135618,9.770033
1764068055508,-0.502655,-0.002395,9.771829
1764068055518,-0.420625,0.141606,9.789942
1764068055528,-0.309856,0.34159,9.791588
1764068055538,-0.292941,0.401765,9.782008
1764068055548,-0.436343,0.122146,9.772129
1764068055558,-0.423769,0.158071,9.77617
1764068055568,-0.360001,0.344434,9.762998
1764068055578,-0.363744,0.315694,9.791439
1764068055588,-0.522264,-0.075593,9.793834
1764068055598,-0.539179,-0.127834,9.783505
1764068055608,-0.458347,0.041613,9.75731
1764068055618,-0.412692,0.079485,9.810599
1764068055628,-0.422422,0.034728,9.842333
1764068055638,-0.416284,-0.001347,9.780362
1764068055648,-0.366887,0.132624,9.850865
1764068055658,-0.360301,0.241598,9.682914
1764068055668,-0.184417,0.446971,9.735305
1764068055678,-0.060325,0.834215,9.754316
1764068055688,-0.166304,0.417632,9.862541
1764068055698,-0.181273,0.371827,9.757759
1764068055708,-0.120948,0.366588,9.76659
1764068055718,-0.094005,0.147443,9.754765
1764068055728,-0.007185,0.252525,9.809701
1764068055738,-0.008981,0.191602,9.818682
1764068055748,0.067659,-0.029788,9.842033
1764068055758,0.056133,-0.240999,9.686507
1764068055768,-0.421973,-0.749791,9.732312
1764068055778,-0.489632,-0.232317,9.898316
1764068055788,-0.213007,0.280517,9.801617
1764068055798,0.005538,0.577798,9.801917
1764068055809,-0.069905,0.558788,9.764644
1764068055819,-0.170645,0.392783,9.783505
1764068055829,0.079784,0.47107,9.81494
1764068055839,-0.157622,0.361049,9.813443
1764068055849,-0.654439,0.469124,9.785451
1764068055859,-0.878673,0.63483,9.869127
1764068055869,-0.772993,0.671653,9.648037
1764068055879,-0.742755,0.720152,9.833202
1764068055889,-0.618364,0.861459,9.776619
1764068055899,-0.469873,0.835712,9.747879
1764068055909,-0.28381,0.244891,9.792037
1764068055919,-0.338446,0.166005,9.823322
1764068055929,-0.267943,0.328866,9.743389
1764068055939,-0.341889,0.208516,9.774374
1764068055949,-0.323627,0.224982,9.784852
1764068055959,-0.256866,0.357457,9.815838
1764068055969,-0.282163,0.339644,9.792486
1764068055979,-0.313448,0.269889,9.765542
1764068055989,-0.284259,0.243843,9.821526
1764068055999,-0.223336,0.384401,9.772578
1764068056009,-0.194146,0.38964,9.793385
1764068056019,-0.309407,0.2883,9.779464
1764068056029,-0.393532,0.183818,9.822574
1764068056039,-0.41374,0.247136,9.797875
1764068056049,-0.429008,0.457149,9.825418
1764068056059,-0.46658,0.465382,9.816886
1764068056069,-0.452509,0.542023,9.809701
1764068056079,-0.398471,0.641266,9.880354
1764068056089,-0.356109,0.646206,9.797726
1764068056099,-0.380359,0.467777,9.751472
1764068056109,-0.361648,0.434247,9.77632
1764068056119,-0.453407,0.383503,9.86778
1764068056129,-0.471819,0.439935,9.926458
1764068056139,-0.443528,0.369132,9.900113
1764068056149,-0.259111,0.495619,9.892628
1764068056159,-0.194595,0.579595,9.919123
1764068056169,0.371228,1.161734,9.159902
1764068056179,0.113314,0.893193,9.504036
1764068056189,-0.205972,0.568218,9.968371
1764068056199,-0.12993,0.394579,9.749376
1764068056209,-0.132924,0.408051,9.784703
1764068056219,-0.015568,0.52421,9.760154
1764068056229,0.012873,0.539328,9.822574
1764068056239,-0.021855,0.603545,9.759256
1764068056249,-0.144001,0.537832,9.777518
1764068056259,-0.096699,0.59142,9.834399
1764068056269,-0.083975,0.616268,9.734557
1764068056279,-0.15388,0.493673,9.827813
1764068056289,-0.174687,0.67809,9.777218
1764068056299,-0.089514,0.706381,9.786199
1764068056309,-0.34638,0.604892,9.760154
1764068056319,-0.299976,0.619711,9.826316
1764068056329,-0.403561,0.55325,9.748777
1764068056339,-0.438588,0.613125,9.729767
1764068056349,-0.372725,0.714614,9.964329
1764068056359,-0.335901,0.859513,9.767638
1764068056369,-0.318089,0.668809,9.74249
1764068056379,-0.372126,0.510888,9.826915
1764068056389,-0.403411,0.347278,9.698332
1764068056399,-0.335901,0.335901,9.754915
1764068056409,-0.36075,0.366737,9.752669
1764068056419,-0.364791,0.01916,9.792786
1764068056429,-0.29324,0.067061,9.767788
1764068056439,-0.330064,-0.175136,9.788145
1764068056449,-0.305515,-0.058828,9.81015
1764068056459,-0.281714,-0.197739,9.870325
1764068056469,-0.21645,-0.113314,9.85311
1764068056479,-0.401465,-1.877695,10.730586
1764068056489,-1.710792,-1.020578,8.880134
1764068056499,0.988993,1.094075,8.891211
1764068056510,-0.696951,0.769999,10.540182
1764068056520,0.068258,0.804876,9.918075
1764068056530,-0.030536,0.353864,9.589209
1764068056540,0.016466,0.397573,9.78575
1764068056550,-0.023501,0.217348,9.859996
1764068056560,-0.042512,0.345182,9.685309
1764068056570,-0.11077,0.290097,9.607471
1764068056580,-0.125439,0.236957,9.757459
1764068056590,-0.085772,0.266745,9.868828
1764068056600,-0.13442,0.255668,10.001302
1764068056610,-0.083676,0.050445,9.788145
1764068056620,-0.075892,0.273032,9.657767
1764068056630,-0.137115,0.51957,9.900562
1764068056640,-0.131427,0.611927,9.848769
1764068056650,-0.109422,0.606838,9.867331
1764068056660,-0.200882,-0.042362,10.641221
1764068056670,-0.060175,-0.007035,9.696536
1764068056680,-0.069306,0.228724,9.908196
1764068056690,0.042661,0.289947,9.75701
1764068056700,-0.056732,0.380808,9.991872
1764068056710,0.008083,0.475262,9.597292
1764068056720,0.00494,-0.513133,9.130264
1764068056730,0.230072,-1.461112,9.705817
1764068056740,0.450114,-0.973575,9.633517
1764068056750,0.931363,-0.15867,9.782308
1764068056760,0.519869,0.431253,9.81973
1764068056770,0.669707,-0.248932,9.757459
1764068056780,0.831221,-0.327968,9.693842
1764068056790,-0.86086,2.564467,9.474548
1764068056800,-2.606829,5.102739,6.77102
1764068056810,-2.31763,3.864663,10.650502
1764068056820,-2.863695,4.966522,13.67616
1764068056830,-2.404001,2.570455,8.076754
1764068056840,7.741452,2.347718,10.813363
1764068056850,-0.520917,-0.080533,8.692873
1764068056860,-0.379012,-0.343835,10.366992
1764068056870,0.033081,-0.845592,9.577982
1764068056880,-0.263602,-1.080453,10.005044
1764068056890,-0.092807,-1.294807,9.662257
1764068056900,-0.229473,-1.356629,9.876462
1764068056910,-0.088017,-1.164429,9.858499
1764068056920,0.060624,-1.130898,9.714948
1764068056930,0.127684,-1.246907,9.847572
1764068056940,0.360151,-1.035397,9.918674
1764068056950,0.549058,-0.628543,9.782906
1764068056960,0.412991,-0.584834,9.682914
1764068056970,-0.594713,-0.367635,9.848769
1764068056980,-0.78856,0.002395,9.800869
1764068056990,-0.705333,0.246986,9.741742
1764068057000,-0.510289,0.57241,9.838591
1764068057010,-0.362845,0.691562,9.766141
1764068057020,-0.146396,0.792003,9.720187
1764068057030,-0.308958,0.762215,9.949959
1764068057040,-0.585882,0.439187,9.707164
1764068057050,-0.201182,0.290246,9.792486
1764068057060,0.156125,0.190254,9.795331
1764068057070,0.155227,0.041464,9.762848
1764068057080,-0.035027,-0.027543,9.834699
1764068057090,-0.242645,0.036075,9.803414
1764068057100,-0.222288,0.263602,9.711655
1764068057110,-0.220491,0.5772,9.80985
1764068057120,-0.112416,0.419877,9.820628
1764068057130,-0.101339,0.18262,9.840836
1764068057140,-0.210762,0.168849,9.634864
1764068057150,-0.247286,0.212259,9.875564
1764068057160,-0.263003,0.361049,9.781559
1764068057170,-0.412841,0.258662,9.758058
1764068057180,-0.413141,0.327818,9.840986
1764068057190,-0.089813,0.005089,9.726773
1764068057200,0.343685,-0.030387,9.908645
1764068057210,0.141755,-0.148491,9.826615
1764068057221,-0.179626,0.114961,9.714349
1764068057231,-0.419128,0.387095,9.800121
1764068057241,-0.364791,0.388442,9.836196
1764068057251,-0.204475,0.261207,9.727222
1764068057261,-0.195793,0.118404,9.749376
1764068057271,-0.201331,0.23546,9.796528
1764068057281,-0.211211,0.236508,9.827065
1764068057291,-0.170196,0.135319,9.677675
1764068057301,-0.128583,0.160017,9.852212
1764068057311,-0.063767,0.074246,9.823322
1764068057321,0.078886,0.161664,9.768387
1764068057331,0.020507,0.335153,9.820329
1764068057341,-0.061821,0.425565,9.730665
1764068057351,-0.1443,0.287103,9.837393
1764068057361,-0.185015,0.103585,9.758058
1764068057371,-0.126188,-0.14909,9.806857
1764068057381,-0.181872,-0.212259,9.825867
1764068057391,-0.098645,-0.145647,9.739796
1764068057401,-0.101339,0.015119,9.845027
1764068057411,-0.126188,-0.112566,9.778266
1764068057421,-0.167951,-0.275577,9.792037
1764068057431,-0.181872,-0.325723,9.782008
1764068057441,-0.098795,-0.121398,9.836345
1764068057451,-0.129032,-0.084125,9.782457
1764068057461,-0.155078,-0.023202,9.797726
1764068057471,-0.200134,0.145348,9.803713
1764068057481,-0.27872,-0.07215,9.835746
1764068057491,-0.206421,-0.220042,9.763896
1764068057501,-0.210013,-0.361199,9.782457
1764068057511,-0.164358,-0.352667,9.819879
1764068057521,-0.200882,-0.042362,9.784403
1764068057531,-0.174537,0.173639,9.780212
1764068057541,-0.203128,0.079185,9.801468
1764068057551,-0.155976,0.127535,9.780362
1764068057561,-0.148641,0.191602,9.783056
1764068057571,-0.160466,0.257315,9.798624
1764068057581,-0.215103,0.323627,9.800869
1764068057591,-0.195344,0.282612,9.789044
1764068057601,-0.213157,0.425715,9.785601
1764068057611,-0.231119,0.333506,9.818832
1764068057621,-0.08188,0.207618,9.780661
1764068057631,-0.083227,0.05793,9.787696
1764068057641,-0.094304,0.071551,9.791888
1764068057651,-0.09131,0.176782,9.797426
1764068057661,-0.128433,0.292043,9.794881
1764068057671,-0.151635,0.258662,9.807006
1764068057681,-0.132924,0.214205,9.78096
1764068057691,-0.146695,0.243693,9.778715
1764068057701,-0.13966,0.206421,9.793085
1764068057711,-0.133522,0.121547,9.798773
1764068057721,-0.156125,0.132774,9.789642
1764068057731,-0.154778,0.169448,9.787098
1764068057741,-0.163161,0.185614,9.79548
1764068057751,-0.160466,0.251926,9.792337
1764068057761,-0.149838,0.300874,9.792337
1764068057771,-0.146845,0.30282,9.792935
1764068057781,-0.146396,0.315095,9.786499
1764068057791,-0.153431,0.316143,9.785002
1764068057801,-0.155527,0.318538,9.791588
1764068057811,-0.153431,0.318388,9.784703
1764068057821,-0.150437,0.311951,9.783804
1764068057831,-0.146096,0.314945,9.790241
1764068057841,-0.154329,0.314945,9.786649
1764068057851,-0.151934,0.306562,9.783505
1764068057861,-0.156724,0.302671,9.786199
1764068057871,-0.157473,0.314197,9.798324
1764068057881,-0.155227,0.311502,9.799671
1764068057891,-0.155078,0.303569,9.792935
1764068057901,-0.149689,0.295336,9.791738
1764068057911,-0.154628,0.287402,9.783056
1764068057922,-0.139959,0.302072,9.78605
1764068057932,-0.13487,0.302222,9.785002
1764068057942,-0.136815,0.28351,9.797127
1764068057952,-0.00464,0.177231,9.693243
1764068057962,-0.268691,0.402214,9.846075
1764068057972,-0.160766,0.291893,9.783804
1764068057982,-0.218246,0.455503,9.830956
1764068057992,-0.182321,0.325872,9.763896
1764068058002,-0.150737,0.282612,9.793385
1764068058012,-0.15867,0.294887,9.79099
1764068058022,-0.159418,0.297132,9.789792
1764068058032,-0.160017,0.31749,9.781559
1764068058042,-0.15373,0.323328,9.783804
1764068058052,-0.156874,0.325872,9.788145
1764068058062,-0.155826,0.321681,9.78575
1764068058072,-0.163161,0.319136,9.780062
1764068058082,-0.154778,0.303868,9.787547
1764068058092,-0.164957,0.295785,9.780212
1764068058102,-0.153431,0.291594,9.783206
1764068058112,-0.190853,0.280217,9.781559
1764068058122,-0.126487,0.305066,9.818383
1764068058132,-0.177082,0.312849,9.76674
1764068058142,-0.143701,0.330213,9.807904
1764068058152,-0.164957,0.323627,9.787397
1764068058162,-0.152682,0.304766,9.816137
1764068058172,-0.15403,0.307012,9.771231
1764068058182,-0.172441,0.298779,9.802965
1764068058192,-0.124691,0.307012,9.778715
1764068058202,-0.181273,0.316891,9.814491
1764068058212,-0.158969,0.320184,9.777218
1764068058222,-0.15388,0.348475,9.796528
1764068058232,-0.15373,0.338297,9.785601
1764068058242,-0.17304,0.34159,9.788295
1764068058252,-0.142953,0.310305,9.77632
1764068058262,-0.16346,0.277972,9.795181
1764068058272,-0.154479,0.280367,9.784254
1764068058282,-0.155976,0.273481,9.768087
1764068058292,-0.151036,0.289797,9.798175
1764068058302,-0.15403,0.309407,9.793684
1764068058312,-0.169148,0.333057,9.806258
1764068058322,-0.148791,0.329465,9.784254
1764068058332,-0.157922,0.328118,9.791888
1764068058342,-0.152084,0.326022,9.784553
1764068058352,-0.157622,0.312999,9.794133
1764068058362,-0.156574,0.308059,9.7618
1764068058372,-0.161364,0.317939,9.797576
1764068058382,-0.159718,0.318538,9.793983
1764068058392,-0.161664,0.322579,9.801917
1764068058402,-0.164209,0.32213,9.769285
1764068058412,-0.155527,0.302521,9.782906
1764068058422,-0.157622,0.289049,9.775871
1764068058432,-0.156125,0.285756,9.789493
1764068058442,-0.164957,0.29339,9.783056
1764068058452,-0.149838,0.30761,9.786948
1764068058462,-0.15852,0.332608,9.783505
1764068058472,-0.162412,0.326621,9.786199
1764068058482,-0.152383,0.330064,9.79069
1764068058492,-0.16331,0.323477,9.797426
1764068058502,-0.154479,0.311802,9.792486
1764068058512,-0.168549,0.287702,9.789193
1764068058522,-0.166753,0.296683,9.793834
1764068058532,-0.159119,0.284558,9.788295
1764068058542,-0.14909,0.301024,9.777518
1764068058552,-0.165705,0.321681,9.784104
1764068058562,-0.140707,0.328267,9.785301
1764068058572,-0.162412,0.337698,9.789343
1764068058582,-0.151036,0.329914,9.793684
1764068058592,-0.155826,0.314795,9.787098
1764068058602,-0.155377,0.298629,9.80057
1764068058612,-0.157922,0.296533,9.795031
1764068058623,-0.154628,0.29818,9.790091
1764068058633,-0.157173,0.30791,9.775871
1764068058643,-0.160915,0.306562,9.788295
1764068058653,-0.160466,0.321531,9.7859
1764068058663,-0.149689,0.324825,9.79054
1764068058673,-0.15373,0.31734,9.78126
1764068058683,-0.162712,0.327519,9.783804
1764068058693,-0.140857,0.310454,9.783206
1764068058703,-0.155676,0.300725,9.797726
1764068058713,-0.157023,0.299527,9.791439
1764068058723,-0.155976,0.305066,9.779164
1764068058733,-0.154628,0.309257,9.791588
1764068058743,-0.155078,0.311802,9.786649
1764068058753,-0.154778,0.311652,9.792636
1764068058763,-0.157173,0.30761,9.800121
1764068058773,-0.164957,0.314197,9.792187
1764068058783,-0.160915,0.3124,9.791588
1764068058793,-0.149689,0.316442,9.784104
1764068058803,-0.14415,0.306862,9.788145
1764068058813,-0.154479,0.309856,9.785601
1764068058823,-0.15373,0.311203,9.789193
1764068058833,-0.155527,0.307012,9.783505
1764068058843,-0.159718,0.313897,9.785152
1764068058853,-0.14894,0.300425,9.792037
1764068058863,-0.153431,0.313149,9.797276
1764068058873,-0.141755,0.313448,9.783954
1764068058883,-0.156275,0.334554,9.790241
1764068058893,-0.161514,0.328267,9.787996
1764068058903,-0.148192,0.319885,9.795929
1764068058913,-0.148042,0.304766,9.787846
1764068058923,-0.161514,0.290396,9.780362
1764068058933,-0.161065,0.339644,9.792337
1764068058943,-0.159119,0.340841,9.788595
1764068058953,-0.154179,0.330812,9.797576
1764068058963,-0.154778,0.277074,9.780212
1764068058973,-0.151784,0.273182,9.787397
1764068058983,-0.166154,0.297731,9.785301
1764068058993,-0.148042,0.299976,9.785152
1764068059003,-0.156874,0.323028,9.794283
1764068059013,-0.153431,0.30312,9.793983
1764068059023,-0.148641,0.327818,9.793235
1764068059033,-0.152682,0.326621,9.788145
1764068059043,-0.153132,0.338895,9.793684
1764068059053,-0.161215,0.308059,9.796678
1764068059063,-0.157922,0.272134,9.78096
1764068059073,-0.160915,0.282163,9.788894
1764068059083,-0.152084,0.304317,9.79578
1764068059093,-0.149389,0.330363,9.797576
1764068059103,-0.157473,0.325573,9.794732
1764068059113,-0.161215,0.330213,9.798773
1764068059123,-0.160915,0.310754,9.777518
1764068059133,-0.148641,0.312999,9.789343
1764068059143,-0.169597,0.308209,9.789044
1764068059153,-0.146096,0.285007,9.793983
1764068059163,-0.165855,0.27408,9.779164
1764068059173,-0.155377,0.297731,9.802216
1764068059183,-0.153132,0.330962,9.787098
1764068059193,-0.170645,0.335752,9.79054
1764068059203,-0.141156,0.324226,9.787247
1764068059213,-0.174537,0.297731,9.78605
1764068059223,-0.15403,0.289049,9.79069
1764068059233,-0.161664,0.301323,9.785002
1764068059243,-0.15852,0.297881,9.794732
1764068059253,-0.158221,0.304467,9.799073
1764068059263,-0.155227,0.310903,9.793385
1764068059273,-0.15403,0.320334,9.783505
1764068059283,-0.156574,0.314346,9.789642
1764068059293,-0.150138,0.330812,9.794732
1764068059303,-0.158969,0.296084,9.782308
1764068059313,-0.15388,0.29324,9.795181
1764068059323,-0.143252,0.297132,9.777967
1764068059334,-0.162712,0.303269,9.786948
1764068059344,-0.148042,0.324974,9.790241
1764068059354,-0.158071,0.318538,9.785002
1764068059364,-0.153581,0.32722,9.801318
1764068059374,-0.155826,0.311502,9.791439
1764068059384,-0.158071,0.318388,9.782607
1764068059394,-0.147294,0.295635,9.787397
1764068059404,-0.168549,0.282912,9.780811
1764068059414,-0.155527,0.299377,9.794881
1764068059424,-0.15882,0.298479,9.782158
1764068059434,-0.151485,0.333207,9.803114
1764068059444,-0.15882,0.317789,9.786499
1764068059454,-0.161215,0.333506,9.794881
1764068059464,-0.14445,0.315993,9.78575
1764068059474,-0.161664,0.328716,9.789792
1764068059484,-0.163161,0.318238,9.791588
1764068059494,-0.15882,0.300425,9.783355
1764068059504,-0.155227,0.301473,9.789343
1764068059514,-0.166005,0.292192,9.77632
1764068059524,-0.142953,0.313298,9.795181
1764068059534,-0.155078,0.300575,9.793534
1764068059544,-0.159269,0.320783,9.788145
1764068059554,-0.155227,0.309556,9.795181
1764068059564,-0.15403,0.309257,9.792486
1764068059574,-0.169597,0.313748,9.784553
1764068059584,-0.171394,0.300725,9.788595
1764068059594,-0.150138,0.297282,9.798474
1764068059604,-0.159868,0.28845,9.778416
1764068059614,-0.166903,0.30761,9.786499
1764068059624,-0.159868,0.301323,9.773626
1764068059634,-0.154628,0.315544,9.79069
1764068059644,-0.166005,0.308658,9.79099
1764068059654,-0.156275,0.320484,9.793235
1764068059664,-0.159718,0.305964,9.79084
1764068059674,-0.156125,0.309856,9.777368
1764068059684,-0.148791,0.32198,9.797875
1764068059694,-0.162562,0.296833,9.791289
1764068059704,-0.150138,0.30297,9.786798
1764068059714,-0.162562,0.292492,9.789193
1764068059724,-0.154928,0.309407,9.787696
1764068059734,-0.14415,0.304766,9.78575
1764068059744,-0.15867,0.309556,9.783954
1764068059754,-0.157473,0.299078,9.791439
1764068059764,-0.160766,0.30761,9.794133
1764068059774,-0.167352,0.318687,9.786649
1764068059784,-0.153132,0.325423,9.79084
1764068059794,-0.15882,0.312849,9.789493
1764068059804,-0.162412,0.296384,9.796528
1764068059814,-0.154778,0.301772,9.777967
1764068059824,-0.167352,0.30282,9.786948
1764068059834,-0.140857,0.329914,9.786349
1764068059844,-0.152533,0.31719,9.791888
1764068059854,-0.158221,0.310005,9.79069
1764068059864,-0.144001,0.304167,9.787397
1764068059874,-0.166903,0.29833,9.791139
1764068059884,-0.149389,0.308359,9.79054
1764068059894,-0.147144,0.306712,9.787996
1764068059904,-0.162113,0.302371,9.792486
1764068059914,-0.148042,0.304617,9.789193
1764068059924,-0.164209,0.309107,9.785152
1764068059934,-0.156724,0.320034,9.786649
1764068059944,-0.143102,0.315544,9.793534
1764068059954,-0.179926,0.30761,9.780511
1764068059964,-0.149838,0.309257,9.782008
1764068059974,-0.164508,0.295785,9.787846
1764068059984,-0.160017,0.30761,9.790241
1764068059994,-0.148641,0.317041,9.783355
1764068060004,-0.165855,0.298779,9.785451
1764068060014,-0.149988,0.303718,9.78575
1764068060024,-0.157922,0.299677,9.79069
1764068060035,-0.160167,0.311053,9.784703
1764068060045,-0.14445,0.313897,9.787547
1764068060055,-0.162861,0.311053,9.799073
1764068060065,-0.145198,0.320184,9.789493
1764068060075,-0.166753,0.318987,9.789642
1764068060085,-0.157772,0.315095,9.787247
1764068060095,-0.16825,0.308209,9.779913
1764068060105,-0.162412,0.309257,9.782607
1764068060115,-0.159418,0.306413,9.791139
1764068060125,-0.159868,0.30776,9.790241
1764068060135,-0.160017,0.305215,9.786948
1764068060145,-0.159718,0.3127,9.797426
1764068060155,-0.152832,0.319885,9.788145
1764068060165,-0.16825,0.322729,9.796079
1764068060175,-0.147892,0.326022,9.787547
1764068060185,-0.160317,0.313448,9.794732
1764068060195,-0.166604,0.307461,9.780362
1764068060205,-0.151784,0.306263,9.787547
1764068060215,-0.166154,0.299827,9.785002
1764068060225,-0.154479,0.29354,9.789343
1764068060235,-0.159718,0.296833,9.790241
1764068060245,-0.153581,0.31255,9.792786
1764068060255,-0.150737,0.318687,9.785152
1764068060265,-0.158071,0.315244,9.791738
1764068060275,-0.151784,0.309107,9.787098
1764068060285,-0.157772,0.302072,9.795181
1764068060295,-0.170346,0.298629,9.792486
1764068060305,-0.164508,0.297881,9.777068
1764068060315,-0.159269,0.310604,9.792786
1764068060325,-0.159119,0.314646,9.802665
1764068060335,-0.156724,0.312849,9.785152
1764068060345,-0.156724,0.315843,9.775721
1764068060355,-0.156874,0.30297,9.780661
1764068060365,-0.166903,0.306263,9.777218
1764068060375,-0.162861,0.300874,9.792337
1764068060385,-0.148641,0.297731,9.788894
1764068060395,-0.167053,0.30282,9.787397
1764068060405,-0.152383,0.316891,9.798025
1764068060415,-0.1684,0.325423,9.798773
1764068060425,-0.162861,0.324525,9.794432
1764068060435,-0.154479,0.318388,9.787996
1764068060445,-0.166005,0.297282,9.784254
1764068060455,-0.148342,0.300126,9.792187
1764068060465,-0.15882,0.302222,9.786649
1764068060475,-0.157323,0.313598,9.787547
1764068060485,-0.142653,0.315394,9.782457
1764068060495,-0.15403,0.319585,9.796977
1764068060505,-0.164209,0.325274,9.792337
1764068060515,-0.154329,0.313598,9.788445
1764068060525,-0.155676,0.307012,9.793983
1764068060535,-0.161215,0.293091,9.783655
1764068060545,-0.161664,0.304766,9.803863
1764068060555,-0.153431,0.303868,9.788445
1764068060565,-0.14924,0.310754,9.789493
1764068060575,-0.160317,0.311802,9.779014
1764068060585,-0.155676,0.312849,9.783056
1764068060595,-0.150287,0.309107,9.784852
1764068060605,-0.164358,0.309856,9.787696
1764068060615,-0.153132,0.305066,9.786349
1764068060625,-0.168699,0.306413,9.787996
1764068060635,-0.161814,0.311353,9.790091
1764068060645,-0.156874,0.311502,9.788295
1764068060655,-0.151635,0.32198,9.788445
1764068060665,-0.151485,0.305814,9.783056
1764068060675,-0.147294,0.301772,9.782906
1764068060685,-0.161215,0.315993,9.798923
1764068060695,-0.161364,0.302371,9.79054
1764068060705,-0.161814,0.306712,9.787547
1764068060715,-0.167053,0.304167,9.785002
1764068060725,-0.14909,0.309556,9.784553
1764068060736,-0.162412,0.310005,9.788744
1764068060746,-0.149689,0.311652,9.79069
1764068060756,-0.147892,0.312251,9.789792
1764068060766,-0.158371,0.302671,9.787547
1764068060776,-0.154479,0.301772,9.787397
1764068060786,-0.16361,0.304467,9.782607
1764068060796,-0.145048,0.312999,9.785002
1764068060806,-0.147892,0.310305,9.790391
1764068060816,-0.157622,0.306413,9.788595
1764068060826,-0.166005,0.319136,9.793085
1764068060836,-0.160616,0.303718,9.789792
1764068060846,-0.147743,0.305814,9.789044
1764068060856,-0.144599,0.302222,9.784703
1764068060866,-0.167202,0.306562,9.784104
1764068060876,-0.145947,0.305365,9.79054
1764068060886,-0.161963,0.311951,9.792786
1764068060896,-0.160766,0.320184,9.790241
1764068060906,-0.157922,0.312849,9.789493
1764068060916,-0.162861,0.313748,9.786798
1764068060926,-0.155976,0.309407,9.798324
1764068060936,-0.149838,0.300126,9.799971
1764068060946,-0.164059,0.29354,9.784852
1764068060956,-0.145198,0.296533,9.79563
1764068060966,-0.160766,0.305515,9.791738
1764068060976,-0.147892,0.32243,9.78575
1764068060986,-0.159568,0.317789,9.787397
1764068060996,-0.161664,0.310903,9.783056
1764068061006,-0.145198,0.304766,9.779763
1764068061016,-0.165855,0.300425,9.791888
1764068061026,-0.161814,0.303419,9.788145
1764068061036,-0.156724,0.303419,9.788595
1764068061046,-0.163759,0.308808,9.789642
1764068061056,-0.154179,0.308359,9.785601
1764068061066,-0.156574,0.318238,9.795181
1764068061076,-0.152682,0.311951,9.795331
1764068061086,-0.153431,0.30776,9.788595
1764068061096,-0.157473,0.308658,9.791888
1764068061106,-0.154479,0.310155,9.782008
1764068061116,-0.149689,0.303419,9.782607
1764068061126,-0.170795,0.310604,9.790091
1764068061136,-0.150138,0.304617,9.779014
1764068061146,-0.14909,0.306712,9.785002
1764068061156,-0.156425,0.30297,9.787547
1764068061166,-0.15403,0.310305,9.794582
1764068061176,-0.168999,0.313598,9.793385
1764068061186,-0.157622,0.310005,9.782008
1764068061196,-0.159418,0.305515,9.791888
1764068061206,-0.160167,0.3127,9.789343
1764068061216,-0.154329,0.311353,9.789642
1764068061226,-0.160616,0.318987,9.791139
1764068061236,-0.161963,0.315544,9.786349
1764068061246,-0.156874,0.305664,9.794582
1764068061256,-0.152982,0.305664,9.791139
1764068061266,-0.157473,0.307311,9.788145
1764068061276,-0.159418,0.316592,9.786948
1764068061286,-0.152383,0.317939,9.793534
1764068061296,-0.166454,0.31719,9.792037
1764068061306,-0.159269,0.312251,9.787846
1764068061316,-0.151335,0.299677,9.788894
1764068061326,-0.150138,0.301922,9.778565
1764068061336,-0.155976,0.300874,9.773027
1764068061346,-0.154928,0.309856,9.789493
1764068061356,-0.164358,0.308209,9.786948
1764068061366,-0.166454,0.308359,9.789942
1764068061376,-0.152383,0.323777,9.783206
1764068061386,-0.162861,0.315993,9.786649
1764068061396,-0.15852,0.320184,9.795929
1764068061406,-0.156125,0.305365,9.781709
1764068061416,-0.158221,0.301922,9.797127
1764068061426,-0.159269,0.309556,9.79548
1764068061437,-0.157173,0.315993,9.787547
1764068061447,-0.154479,0.313897,9.780811
1764068061457,-0.157922,0.312849,9.785002
1764068061467,-0.166154,0.312849,9.803563
1764068061477,-0.154628,0.304167,9.79069
1764068061487,-0.157922,0.300425,9.761052
1764068061497,-0.151485,0.305066,9.769734
1764068061507,-0.157922,0.294737,9.795331
1764068061517,-0.152383,0.315694,9.762399
1764068061527,-0.162113,0.316292,9.842482
1764068061537,-0.177231,0.320783,9.806258
1764068061547,-0.166753,0.321082,9.827214
1764068061557,-0.164209,0.321082,9.79578
1764068061567,-0.161065,0.314197,9.762249
1764068061577,-0.152233,0.29803,9.74264
